Freq.,VOut,OutRef

1.00000000000000e+004,-2.16901611439530e+001,-1.96339901232901e-001

1.01395947979003e+004,-2.16901636663121e+001,-1.99080250432049e-001

1.02811382665607e+004,-2.16901662594603e+001,-2.01858834240447e-001

1.04246576084112e+004,-2.16901689253803e+001,-2.04676185579199e-001

1.05701804056138e+004,-2.16901716661109e+001,-2.07532844772215e-001

1.07177346253629e+004,-2.16901744837470e+001,-2.10429359652631e-001

1.08673486252606e+004,-2.16901773804428e+001,-2.13366285660591e-001

1.10190511587661e+004,-2.16901803584118e+001,-2.16344185953116e-001

1.11728713807222e+004,-2.16901834199298e+001,-2.19363631506912e-001

1.13288388529580e+004,-2.16901865673357e+001,-2.22425201227855e-001

1.14869835499703e+004,-2.16901898030337e+001,-2.25529482057218e-001

1.16473358646846e+004,-2.16901931294950e+001,-2.28677069085876e-001

1.18099266142953e+004,-2.16901965492600e+001,-2.31868565660561e-001

1.19747870461893e+004,-2.16902000649391e+001,-2.35104583504288e-001

1.21419488439505e+004,-2.16902036792160e+001,-2.38385742824921e-001

1.23114441334492e+004,-2.16902073948489e+001,-2.41712672434069e-001

1.24833054890161e+004,-2.16902112146728e+001,-2.45086009865383e-001

1.26575659397028e+004,-2.16902151416015e+001,-2.48506401492784e-001

1.28342589756290e+004,-2.16902191786302e+001,-2.51974502650433e-001

1.30134185544193e+004,-2.16902233288367e+001,-2.55490977759746e-001

1.31950791077289e+004,-2.16902275953850e+001,-2.59056500447744e-001

1.33792755478611e+004,-2.16902319815267e+001,-2.62671753676566e-001

1.35660432744767e+004,-2.16902364906038e+001,-2.66337429868917e-001

1.37554181813974e+004,-2.16902411260513e+001,-2.70054231038568e-001

1.39474366635040e+004,-2.16902458913991e+001,-2.73822868920397e-001

1.41421356237309e+004,-2.16902507902754e+001,-2.77644065102616e-001

1.43395524801583e+004,-2.16902558264092e+001,-2.81518551160494e-001

1.45397251732031e+004,-2.16902610036324e+001,-2.85447068793539e-001

1.47426921729110e+004,-2.16902663258835e+001,-2.89430369963019e-001

1.49484924863494e+004,-2.16902717972101e+001,-2.93469217027787e-001

1.51571656651040e+004,-2.16902774217718e+001,-2.97564382891457e-001

1.53687518128801e+004,-2.16902832038433e+001,-3.01716651140019e-001

1.55832915932100e+004,-2.16902891478178e+001,-3.05926816189537e-001

1.58008262372675e+004,-2.16902952582099e+001,-3.10195683432128e-001

1.60213975517924e+004,-2.16903015396589e+001,-3.14524069382957e-001

1.62450479271247e+004,-2.16903079969327e+001,-3.18912801833052e-001

1.64718203453514e+004,-2.16903146349303e+001,-3.23362720000251e-001

1.67017583885674e+004,-2.16903214586865e+001,-3.27874674681987e-001

1.69349062472505e+004,-2.16903284733747e+001,-3.32449528414746e-001

1.71713087287550e+004,-2.16903356843110e+001,-3.37088155628950e-001

1.74110112659224e+004,-2.16903430969583e+001,-3.41791442809841e-001

1.76540599258131e+004,-2.16903507169296e+001,-3.46560288659772e-001

1.79005014185594e+004,-2.16903585499928e+001,-3.51395604262901e-001

1.81503831063432e+004,-2.16903666020743e+001,-3.56298313248446e-001

1.84037530124975e+004,-2.16903748792634e+001,-3.61269351963360e-001

1.86606598307361e+004,-2.16903833878169e+001,-3.66309669637366e-001

1.89211529345119e+004,-2.16903921341634e+001,-3.71420228557857e-001

1.91852823865052e+004,-2.16904011249080e+001,-3.76602004244251e-001

1.94530989482457e+004,-2.16904103668368e+001,-3.81855985623219e-001

1.97246540898671e+004,-2.16904198669219e+001,-3.87183175207450e-001

1.99999999999999e+004,-2.16904296323267e+001,-3.92584589276179e-001

2.02791895958005e+004,-2.16904396704100e+001,-3.98061258059681e-001

2.05622765331213e+004,-2.16904499887325e+001,-4.03614225919962e-001

2.08493152168224e+004,-2.16904605950610e+001,-4.09244551543405e-001

2.11403608112276e+004,-2.16904714973746e+001,-4.14953308125047e-001

2.14354692507258e+004,-2.16904827038700e+001,-4.20741583563216e-001

2.17346972505211e+004,-2.16904942229673e+001,-4.26610480651362e-001

2.20381023175322e+004,-2.16905060633160e+001,-4.32561117275118e-001

2.23457427614443e+004,-2.16905182338008e+001,-4.38594626611143e-001

2.26576777059159e+004,-2.16905307435479e+001,-4.44712157325391e-001

2.29739670999406e+004,-2.16905436019315e+001,-4.50914873777930e-001

2.32946717293690e+004,-2.16905568185799e+001,-4.57203956226208e-001

2.36198532285905e+004,-2.16905704033825e+001,-4.63580601033964e-001

2.39495740923785e+004,-2.16905843664962e+001,-4.70046020881058e-001

2.42838976879009e+004,-2.16905987183527e+001,-4.76601444973349e-001

2.46228882668982e+004,-2.16906134696658e+001,-4.83248119258413e-001

2.49666109780322e+004,-2.16906286314379e+001,-4.89987306641900e-001

2.53151318794055e+004,-2.16906442149682e+001,-4.96820287207432e-001

2.56685179512580e+004,-2.16906602318600e+001,-5.03748358435282e-001

2.60268371088386e+004,-2.16906766940283e+001,-5.10772835430159e-001

2.63901582154578e+004,-2.16906936137085e+001,-5.17895051142432e-001

2.67585510957221e+004,-2.16907110034636e+001,-5.25116356600691e-001

2.71320865489533e+004,-2.16907288761933e+001,-5.32438121140097e-001

2.75108363627948e+004,-2.16907472451421e+001,-5.39861732636179e-001

2.78948733270080e+004,-2.16907661239084e+001,-5.47388597739535e-001

2.82842712474618e+004,-2.16907855264527e+001,-5.55020142116430e-001

2.86791049603164e+004,-2.16908054671075e+001,-5.62757810685578e-001

2.90794503464061e+004,-2.16908259605861e+001,-5.70603067862923e-001

2.94853843458219e+004,-2.16908470219923e+001,-5.78557397805799e-001

2.98969849726987e+004,-2.16908686668299e+001,-5.86622304661165e-001

3.03143313302078e+004,-2.16908909110128e+001,-5.94799312814088e-001

3.07375036257601e+004,-2.16909137708749e+001,-6.03089967141347e-001

3.11665831864199e+004,-2.16909372631808e+001,-6.11495833263384e-001

3.16016524745350e+004,-2.16909614051357e+001,-6.20018497804603e-001

3.20427951035848e+004,-2.16909862143965e+001,-6.28659568650233e-001

3.24900958542493e+004,-2.16910117090829e+001,-6.37420675206745e-001

3.29436406907028e+004,-2.16910379077880e+001,-6.46303468668999e-001

3.34035167771346e+004,-2.16910648295902e+001,-6.55309622283150e-001

3.38698124945009e+004,-2.16910924940643e+001,-6.64440831616347e-001

3.43426174575100e+004,-2.16911209212938e+001,-6.73698814827526e-001

3.48220225318448e+004,-2.16911501318825e+001,-6.83085312939034e-001

3.53081198516260e+004,-2.16911801469667e+001,-6.92602090113715e-001

3.58010028371187e+004,-2.16912109882279e+001,-7.02250933929738e-001

3.63007662126863e+004,-2.16912426779054e+001,-7.12033655662115e-001

3.68075060249948e+004,-2.16912752388086e+001,-7.21952090563272e-001

3.73213196614721e+004,-2.16913086943311e+001,-7.32008098146722e-001

3.78423058690237e+004,-2.16913430684627e+001,-7.42203562474013e-001

3.83705647730104e+004,-2.16913783858043e+001,-7.52540392440658e-001

3.89061978964912e+004,-2.16914146715801e+001,-7.63020522068880e-001

3.94493081797342e+004,-2.16914519516527e+001,-7.73645910796652e-001

3.99999999999998e+004,-2.16914902525365e+001,-7.84418543773833e-001

4.05583791916010e+004,-2.16915296014122e+001,-7.95340432157220e-001

4.11245530662425e+004,-2.16915700261410e+001,-8.06413613408679e-001

4.16986304336447e+004,-2.16916115552798e+001,-8.17640151594984e-001

4.22807216224550e+004,-2.16916542180955e+001,-8.29022137688363e-001

4.28709385014515e+004,-2.16916980445803e+001,-8.40561689870851e-001

4.34693945010421e+004,-2.16917430654663e+001,-8.52260953840668e-001

4.40762046350642e+004,-2.16917893122419e+001,-8.64122103115414e-001

4.46914855228886e+004,-2.16918368171661e+001,-8.76147339344146e-001

4.53153554118317e+004,-2.16918856132849e+001,-8.88338892615786e-001

4.59479341998812e+004,-2.16919357344463e+001,-9.00699021772129e-001

4.65893434587380e+004,-2.16919872153171e+001,-9.13230014718917e-001

4.72397064571810e+004,-2.16920400913977e+001,-9.25934188743005e-001

4.78991481847569e+004,-2.16920943990394e+001,-9.38813890826965e-001

4.85677953758016e+004,-2.16921501754591e+001,-9.51871497967902e-001

4.92457765337964e+004,-2.16922074587567e+001,-9.65109417495030e-001

4.99332219560642e+004,-2.16922662879307e+001,-9.78530087392091e-001

5.06302637588109e+004,-2.16923267028944e+001,-9.92135976616528e-001

5.13370359025159e+004,-2.16923887444924e+001,-1.00592958542403e+000

5.20536742176771e+004,-2.16924524545166e+001,-1.01991344569239e+000

5.27803164309155e+004,-2.16925178757226e+001,-1.03409012124586e+000

5.35171021914442e+004,-2.16925850518457e+001,-1.04846220818195e+000

5.42641730979066e+004,-2.16926540276169e+001,-1.06303233519856e+000

5.50216727255895e+004,-2.16927248487791e+001,-1.07780316392285e+000

5.57897466540159e+004,-2.16927975621026e+001,-1.09277738924023e+000

5.65685424949235e+004,-2.16928722154011e+001,-1.10795773962441e+000

5.73582099206328e+004,-2.16929488575466e+001,-1.12334697746956e+000

5.81589006928121e+004,-2.16930275384850e+001,-1.13894789942312e+000

5.89707686916437e+004,-2.16931083092515e+001,-1.15476333671589e+000

5.97939699453972e+004,-2.16931912219843e+001,-1.17079615550097e+000

6.06286626604156e+004,-2.16932763299395e+001,-1.18704925718490e+000

6.14750072515201e+004,-2.16933636875051e+001,-1.20352557876518e+000

6.23331663728396e+004,-2.16934533502144e+001,-1.22022809316793e+000

6.32033049490698e+004,-2.16935453747589e+001,-1.23715980958530e+000

6.40855902071694e+004,-2.16936398190013e+001,-1.25432377381372e+000

6.49801917084985e+004,-2.16937367419873e+001,-1.27172306859496e+000

6.58872813814055e+004,-2.16938362039568e+001,-1.28936081395730e+000

6.68070335542691e+004,-2.16939382663551e+001,-1.30724016755783e+000

6.77396249890018e+004,-2.16940429918426e+001,-1.32536432502557e+000

6.86852349150199e+004,-2.16941504443045e+001,-1.34373652030716e+000

6.96440450636895e+004,-2.16942606888588e+001,-1.36236002601371e+000

7.06162397032520e+004,-2.16943737918642e+001,-1.38123815376825e+000

7.16020056742374e+004,-2.16944898209269e+001,-1.40037425455621e+000

7.26015324253724e+004,-2.16946088449057e+001,-1.41977171907788e+000

7.36150120499896e+004,-2.16947309339176e+001,-1.43943397810072e+000

7.46426393229441e+004,-2.16948561593400e+001,-1.45936450281866e+000

7.56846117380472e+004,-2.16949845938140e+001,-1.47956680520905e+000

7.67411295460207e+004,-2.16951163112446e+001,-1.50004443839528e+000

7.78123957929823e+004,-2.16952513868011e+001,-1.52080099701201e+000

7.88986163594682e+004,-2.16953898969145e+001,-1.54184011757482e+000

7.99999999999995e+004,-2.16955319192747e+001,-1.56316547885082e+000

8.11167583832018e+004,-2.16956775328256e+001,-1.58478080223709e+000

8.22491061324848e+004,-2.16958268177580e+001,-1.60668985214189e+000

8.33972608672892e+004,-2.16959798555021e+001,-1.62889643637015e+000

8.45614432449099e+004,-2.16961367287170e+001,-1.65140440651759e+000

8.57418770029029e+004,-2.16962975212787e+001,-1.67421765836650e+000

8.69387890020841e+004,-2.16964623182659e+001,-1.69734013229399e+000

8.81524092701283e+004,-2.16966312059447e+001,-1.72077581368137e+000

8.93829710457770e+004,-2.16968042717495e+001,-1.74452873333656e+000

9.06307108236633e+004,-2.16969816042631e+001,-1.76860296792235e+000

9.18958683997622e+004,-2.16971632931940e+001,-1.79300264039504e+000

9.31786869174758e+004,-2.16973494293512e+001,-1.81773192045330e+000

9.44794129143618e+004,-2.16975401046164e+001,-1.84279502499882e+000

9.57982963695136e+004,-2.16977354119146e+001,-1.86819621860703e+000

9.71355907516031e+004,-2.16979354451804e+001,-1.89393981401315e+000

9.84915530675926e+004,-2.16981402993238e+001,-1.92003017261045e+000

9.98664439121282e+004,-2.16983500701908e+001,-1.94647170496467e+000

1.01260527517622e+005,-2.16985648545238e+001,-1.97326887134437e+000

1.02674071805032e+005,-2.16987847499168e+001,-2.00042618226821e+000

1.04107348435354e+005,-2.16990098547692e+001,-2.02794819907180e+000

1.05560632861831e+005,-2.16992402682361e+001,-2.05583953449336e+000

1.07034204382888e+005,-2.16994760901755e+001,-2.08410485328161e+000

1.08528346195813e+005,-2.16997174210930e+001,-2.11274887282598e+000

1.10043345451179e+005,-2.16999643620828e+001,-2.14177636381124e+000

1.11579493308032e+005,-2.17002170147657e+001,-2.17119215089760e+000

1.13137084989847e+005,-2.17004754812250e+001,-2.20100111342883e+000

1.14716419841265e+005,-2.17007398639380e+001,-2.23120818616723e+000

1.16317801385624e+005,-2.17010102657051e+001,-2.26181836006380e+000

1.17941537383287e+005,-2.17012867895762e+001,-2.29283668305522e+000

1.19587939890794e+005,-2.17015695387735e+001,-2.32426826089972e+000

1.21257325320831e+005,-2.17018586166115e+001,-2.35611825804705e+000

1.22950014503040e+005,-2.17021541264149e+001,-2.38839189854576e+000

1.24666332745679e+005,-2.17024561714327e+001,-2.42109446699216e+000

1.26406609898139e+005,-2.17027648547503e+001,-2.45423130952034e+000

1.28171180414339e+005,-2.17030802791988e+001,-2.48780783483628e+000

1.29960383416997e+005,-2.17034025472620e+001,-2.52182951529738e+000

1.31774562762811e+005,-2.17037317609815e+001,-2.55630188804124e+000

1.33614067108538e+005,-2.17040680218590e+001,-2.59123055616176e+000

1.35479249978003e+005,-2.17044114307575e+001,-2.62662118994119e+000

1.37370469830040e+005,-2.17047620878003e+001,-2.66247952813271e+000

1.39288090127379e+005,-2.17051200922693e+001,-2.69881137930114e+000

1.41232479406504e+005,-2.17054855425011e+001,-2.73562262322074e+000

1.43204011348474e+005,-2.17058585357836e+001,-2.77291921233408e+000

1.45203064850745e+005,-2.17062391682510e+001,-2.81070717327115e+000

1.47230024099979e+005,-2.17066275347790e+001,-2.84899260843485e+000

1.49285278645888e+005,-2.17070237288805e+001,-2.88778169764940e+000

1.51369223476094e+005,-2.17074278426012e+001,-2.92708069987753e+000

1.53482259092041e+005,-2.17078399664166e+001,-2.96689595500738e+000

1.55624791585964e+005,-2.17082601891307e+001,-3.00723388570717e+000

1.57797232718936e+005,-2.17086885977752e+001,-3.04810099935536e+000

1.59999999999999e+005,-2.17091252775130e+001,-3.08950389004076e+000

1.62233516766403e+005,-2.17095703115429e+001,-3.13144924063817e+000

1.64498212264969e+005,-2.17100237810082e+001,-3.17394382496044e+000

1.66794521734578e+005,-2.17104857649095e+001,-3.21699450998360e+000

1.69122886489819e+005,-2.17109563400213e+001,-3.26060825815210e+000

1.71483754005805e+005,-2.17114355808141e+001,-3.30479212975856e+000

1.73877578004168e+005,-2.17119235593819e+001,-3.34955328540088e+000

1.76304818540256e+005,-2.17124203453759e+001,-3.39489898851859e+000

1.78765942091554e+005,-2.17129260059449e+001,-3.44083660800407e+000

1.81261421647326e+005,-2.17134406056835e+001,-3.48737362089113e+000

1.83791736799524e+005,-2.17139642065880e+001,-3.53451761511895e+000

1.86357373834951e+005,-2.17144968680212e+001,-3.58227629237165e+000

1.88958825828723e+005,-2.17150386466865e+001,-3.63065747098916e+000

1.91596592739027e+005,-2.17155895966119e+001,-3.67966908895253e+000

1.94271181503206e+005,-2.17161497691450e+001,-3.72931920693756e+000

1.96983106135185e+005,-2.17167192129586e+001,-3.77961601143612e+000

1.99732887824256e+005,-2.17172979740689e+001,-3.83056781794384e+000

2.02521055035243e+005,-2.17178860958655e+001,-3.88218307420947e+000

2.05348143610063e+005,-2.17184836191550e+001,-3.93447036354484e+000

2.08214696870707e+005,-2.17190905822179e+001,-3.98743840819002e+000

2.11121265723661e+005,-2.17197070208797e+001,-4.04109607273206e+000

2.14068408765776e+005,-2.17203329685969e+001,-4.09545236757272e+000

2.17056692391625e+005,-2.17209684565575e+001,-4.15051645243927e+000

2.20086690902357e+005,-2.17216135137983e+001,-4.20629763993848e+000

2.23158986616063e+005,-2.17222681673370e+001,-4.26280539914329e+000

2.26274169979693e+005,-2.17229324423208e+001,-4.32004935921313e+000

2.29432839682530e+005,-2.17236063621927e+001,-4.37803931303803e+000

2.32635602771247e+005,-2.17242899488737e+001,-4.43678522090457e+000

2.35883074766574e+005,-2.17249832229624e+001,-4.49629721417610e+000

2.39175879781588e+005,-2.17256862039522e+001,-4.55658559898439e+000

2.42514650641661e+005,-2.17263989104656e+001,-4.61766085992310e+000

2.45900029006080e+005,-2.17271213605063e+001,-4.67953366374218e+000

2.49332665491357e+005,-2.17278535717286e+001,-4.74221486303174e+000

2.52813219796278e+005,-2.17285955617240e+001,-4.80571549989669e+000

2.56342360828676e+005,-2.17293473483257e+001,-4.87004680960826e+000

2.59920766833993e+005,-2.17301089499292e+001,-4.93522022423507e+000

2.63549125525621e+005,-2.17308803858310e+001,-5.00124737623987e+000

2.67228134217075e+005,-2.17316616765821e+001,-5.06814010204347e+000

2.70958499956006e+005,-2.17324528443599e+001,-5.13591044554579e+000

2.74740939660078e+005,-2.17332539133532e+001,-5.20457066160094e+000

2.78576180254757e+005,-2.17340649101646e+001,-5.27413321944061e+000

2.82464958813007e+005,-2.17348858642262e+001,-5.34461080604163e+000

2.86408022696948e+005,-2.17357168082301e+001,-5.41601632943190e+000

2.90406129701488e+005,-2.17365577785717e+001,-5.48836292193155e+000

2.94460048199957e+005,-2.17374088158061e+001,-5.56166394332569e+000

2.98570557291775e+005,-2.17382699651164e+001,-5.63593298396491e+000

3.02738446952187e+005,-2.17391412767931e+001,-5.71118386778848e+000

3.06964518184081e+005,-2.17400228067239e+001,-5.78743065527142e+000

3.11249583171928e+005,-2.17409146168933e+001,-5.86468764628921e+000

3.15594465437872e+005,-2.17418167758903e+001,-5.94296938290119e+000

3.19999999999997e+005,-2.17427293594248e+001,-6.02229065204888e+000

3.24467033532806e+005,-2.17436524508499e+001,-6.10266648816963e+000

3.28996424529938e+005,-2.17445861416914e+001,-6.18411217572485e+000

3.33589043469155e+005,-2.17455305321811e+001,-6.26664325164224e+000

3.38245772979638e+005,-2.17464857317960e+001,-6.35027550767279e+000

3.42967508011610e+005,-2.17474518597995e+001,-6.43502499266281e+000

3.47755156008335e+005,-2.17484290457857e+001,-6.52090801474354e+000

3.52609637080511e+005,-2.17494174302259e+001,-6.60794114343845e+000

3.57531884183106e+005,-2.17504171650149e+001,-6.69614121169144e+000

3.62522843294651e+005,-2.17514284140184e+001,-6.78552531781771e+000

3.67583473599047e+005,-2.17524513536199e+001,-6.87611082738097e+000

3.72714747669902e+005,-2.17534861732654e+001,-6.96791537499996e+000

3.77917651657445e+005,-2.17545330760068e+001,-7.06095686608778e+000

3.83193185478053e+005,-2.17555922790431e+001,-7.15525347852746e+000

3.88542363006410e+005,-2.17566640142581e+001,-7.25082366428918e+000

3.93966212270369e+005,-2.17577485287543e+001,-7.34768615099295e+000

3.99465775648511e+005,-2.17588460853843e+001,-7.44585994342033e+000

4.05042110070485e+005,-2.17599569632758e+001,-7.54536432498271e+000

4.10696287220124e+005,-2.17610814583541e+001,-7.64621885914817e+000

4.16429393741414e+005,-2.17622198838583e+001,-7.74844339083371e+000

4.22242531447321e+005,-2.17633725708537e+001,-7.85205804776815e+000

4.28136817531551e+005,-2.17645398687383e+001,-7.95708324182962e+000

4.34113384783250e+005,-2.17657221457447e+001,-8.06353967036455e+000

4.40173381804713e+005,-2.17669197894371e+001,-8.17144831749189e+000

4.46317973232124e+005,-2.17681332072034e+001,-8.28083045539815e+000

4.52548339959385e+005,-2.17693628267421e+001,-8.39170764562942e+000

4.58865679365059e+005,-2.17706090965453e+001,-8.50410174038305e+000

4.65271205542494e+005,-2.17718724863775e+001,-8.61803488380543e+000

4.71766149533147e+005,-2.17731534877504e+001,-8.73352951330072e+000

4.78351759563174e+005,-2.17744526143945e+001,-8.85060836085256e+000

4.85029301283321e+005,-2.17757704027274e+001,-8.96929445436613e+000

4.91800058012158e+005,-2.17771074123205e+001,-9.08961111903158e+000

4.98665330982714e+005,-2.17784642263629e+001,-9.21158197871343e+000

5.05626439592555e+005,-2.17798414521248e+001,-9.33523095737063e+000

5.12684721657352e+005,-2.17812397214201e+001,-9.46058228050721e+000

5.19841533667984e+005,-2.17826596910691e+001,-9.58766047665871e+000

5.27098251051240e+005,-2.17841020433621e+001,-9.71649037891564e+000

5.34456268434150e+005,-2.17855674865241e+001,-9.84709712648598e+000

5.41916999912011e+005,-2.17870567551828e+001,-9.97950616629816e+000

5.49481879320155e+005,-2.17885706108386e+001,-1.01137432546457e+001

5.57152360509512e+005,-2.17901098423397e+001,-1.02498344588745e+001

5.64929917626012e+005,-2.17916752663604e+001,-1.03878061591138e+001

5.72816045393895e+005,-2.17932677278868e+001,-1.05276850500483e+001

5.80812259402975e+005,-2.17948881007072e+001,-1.06694981427353e+001

5.88920096399912e+005,-2.17965372879109e+001,-1.08132727664620e+001

5.97141114583549e+005,-2.17982162223942e+001,-1.09590365706446e+001

6.05476893904373e+005,-2.17999258673760e+001,-1.11068175267665e+001

6.13929036368161e+005,-2.18016672169227e+001,-1.12566439303541e+001

6.22499166343855e+005,-2.18034412964832e+001,-1.14085444029885e+001

6.31188930875742e+005,-2.18052491634362e+001,-1.15625478943490e+001

6.39999999999992e+005,-2.18070919076485e+001,-1.17186836842883e+001

6.48934067065610e+005,-2.18089706520467e+001,-1.18769813849333e+001

6.57992849059874e+005,-2.18108865532026e+001,-1.20374709428094e+001

6.67178086938309e+005,-2.18128408019321e+001,-1.22001826409851e+001

6.76491545959274e+005,-2.18148346239098e+001,-1.23651471012314e+001

6.85935016023218e+005,-2.18168692802994e+001,-1.25323952861920e+001

6.95510312016668e+005,-2.18189460683989e+001,-1.27019585015607e+001

7.05219274161021e+005,-2.18210663223046e+001,-1.28738683982593e+001

7.15063768366211e+005,-2.18232314135915e+001,-1.30481569746114e+001

7.25045686589301e+005,-2.18254427520115e+001,-1.32248565785078e+001

7.35166947198092e+005,-2.18277017862107e+001,-1.34039999095565e+001

7.45429495339801e+005,-2.18300100044652e+001,-1.35856200212099e+001

7.55835303314889e+005,-2.18323689354368e+001,-1.37697503228674e+001

7.66386370956104e+005,-2.18347801489479e+001,-1.39564245819421e+001

7.77084726012819e+005,-2.18372452567774e+001,-1.41456769258879e+001

7.87932424540735e+005,-2.18397659134762e+001,-1.43375418441795e+001

7.98931551297020e+005,-2.18423438172040e+001,-1.45320541902379e+001

8.10084220140968e+005,-2.18449807105875e+001,-1.47292491832942e+001

8.21392574440247e+005,-2.18476783815992e+001,-1.49291624101845e+001

8.32858787482825e+005,-2.18504386644580e+001,-1.51318298270690e+001

8.44485062894640e+005,-2.18532634405513e+001,-1.53372877610659e+001

8.56273635063099e+005,-2.18561546393787e+001,-1.55455729117928e+001

8.68226769566497e+005,-2.18591142395176e+001,-1.57567223528090e+001

8.80346763609423e+005,-2.18621442696104e+001,-1.59707735329480e+001

8.92635946464246e+005,-2.18652468093729e+001,-1.61877642775336e+001

9.05096679918768e+005,-2.18684239906248e+001,-1.64077327894695e+001

9.17731358730116e+005,-2.18716779983417e+001,-1.66307176501958e+001

9.30542411084985e+005,-2.18750110717275e+001,-1.68567578205004e+001

9.43532299066291e+005,-2.18784255053085e+001,-1.70858926411801e+001

9.56703519126347e+005,-2.18819236500479e+001,-1.73181618335385e+001

9.70058602566640e+005,-2.18855079144805e+001,-1.75536054997141e+001

9.83600116024313e+005,-2.18891807658672e+001,-1.77922641228279e+001

9.97330661965425e+005,-2.18929447313694e+001,-1.80341785669409e+001

1.01125287918511e+006,-2.18968023992418e+001,-1.82793900768125e+001

1.02536944331470e+006,-2.19007564200434e+001,-1.85279402774494e+001

1.03968306733597e+006,-2.19048095078669e+001,-1.87798711734356e+001

1.05419650210248e+006,-2.19089644415842e+001,-1.90352251480323e+001

1.06891253686830e+006,-2.19132240661086e+001,-1.92940449620397e+001

1.08383399982402e+006,-2.19175912936720e+001,-1.95563737524080e+001

1.09896375864031e+006,-2.19220691051168e+001,-1.98222550305894e+001

1.11430472101902e+006,-2.19266605512005e+001,-2.00917326806192e+001

1.12985983525202e+006,-2.19313687539138e+001,-2.03648509569165e+001

1.14563209078779e+006,-2.19361969078085e+001,-2.06416544817937e+001

1.16162451880595e+006,-2.19411482813363e+001,-2.09221882426641e+001

1.17784019279982e+006,-2.19462262181958e+001,-2.12064975889375e+001

1.19428222916709e+006,-2.19514341386863e+001,-2.14946282285922e+001

1.21095378780874e+006,-2.19567755410684e+001,-2.17866262244144e+001

1.22785807273632e+006,-2.19622540029268e+001,-2.20825379898933e+001

1.24499833268771e+006,-2.19678731825377e+001,-2.23824102847614e+001

1.26237786175148e+006,-2.19736368202347e+001,-2.26862902101703e+001

1.27999999999998e+006,-2.19795487397744e+001,-2.29942252034907e+001

1.29786813413122e+006,-2.19856128496987e+001,-2.33062630327282e+001

1.31598569811974e+006,-2.19918331446910e+001,-2.36224517905413e+001

1.33435617387661e+006,-2.19982137069249e+001,-2.39428398878563e+001

1.35298309191855e+006,-2.20047587074028e+001,-2.42674760470658e+001

1.37187003204643e+006,-2.20114724072820e+001,-2.45964092948021e+001

1.39102062403333e+006,-2.20183591591853e+001,-2.49296889542781e+001

1.41043854832204e+006,-2.20254234084938e+001,-2.52673646371848e+001

1.43012753673242e+006,-2.20326696946188e+001,-2.56094862351377e+001

1.45009137317860e+006,-2.20401026522499e+001,-2.59561039106637e+001

1.47033389439618e+006,-2.20477270125763e+001,-2.63072680877218e+001

1.49085899067960e+006,-2.20555476044775e+001,-2.66630294417491e+001

1.51167060662977e+006,-2.20635693556805e+001,-2.70234388892266e+001

1.53277274191220e+006,-2.20717972938803e+001,-2.73885475767582e+001

1.55416945202563e+006,-2.20802365478185e+001,-2.77584068696577e+001

1.57586484908147e+006,-2.20888923483184e+001,-2.81330683400396e+001

1.59786310259404e+006,-2.20977700292700e+001,-2.85125837544095e+001

1.62016844028193e+006,-2.21068750285637e+001,-2.88970050607514e+001

1.64278514888049e+006,-2.21162128889659e+001,-2.92863843751096e+001

1.66571757496565e+006,-2.21257892589333e+001,-2.96807739676647e+001

1.68897012578928e+006,-2.21356098933612e+001,-3.00802262483031e+001

1.71254727012620e+006,-2.21456806542616e+001,-3.04847937516823e+001

1.73645353913299e+006,-2.21560075113648e+001,-3.08945291217935e+001

1.76069352721884e+006,-2.21665965426417e+001,-3.13094850960248e+001

1.78527189292849e+006,-2.21774539347391e+001,-3.17297144887325e+001

1.81019335983753e+006,-2.21885859833262e+001,-3.21552701743245e+001

1.83546271746023e+006,-2.21999990933427e+001,-3.25862050698651e+001

1.86108482216997e+006,-2.22116997791476e+001,-3.30225721172118e+001

1.88706459813258e+006,-2.22236946645600e+001,-3.34644242646941e+001

1.91340703825269e+006,-2.22359904827865e+001,-3.39118144483500e+001

1.94011720513328e+006,-2.22485940762323e+001,-3.43647955727323e+001

1.96720023204862e+006,-2.22615123961864e+001,-3.48234204913056e+001

1.99466132393085e+006,-2.22747525023779e+001,-3.52877419864513e+001

2.02250575837021e+006,-2.22883215623958e+001,-3.57578127491028e+001

2.05073888662940e+006,-2.23022268509680e+001,-3.62336853580342e+001

2.07936613467193e+006,-2.23164757490925e+001,-3.67154122588305e+001

2.10839300420495e+006,-2.23310757430141e+001,-3.72030457425665e+001

2.13782507373659e+006,-2.23460344230434e+001,-3.76966379242253e+001

2.16766799964803e+006,-2.23613594822090e+001,-3.81962407208917e+001

2.19792751728061e+006,-2.23770587147401e+001,-3.87019058297557e+001

2.22860944203804e+006,-2.23931400143710e+001,-3.92136847059658e+001

2.25971967050404e+006,-2.24096113724648e+001,-3.97316285403737e+001

2.29126418157557e+006,-2.24264808759477e+001,-4.02557882372155e+001

2.32324903761189e+006,-2.24437567050519e+001,-4.07862143917760e+001

2.35568038559964e+006,-2.24614471308592e+001,-4.13229572680881e+001

2.38856445833418e+006,-2.24795605126418e+001,-4.18660667767191e+001

2.42190757561748e+006,-2.24981052949959e+001,-4.24155924527005e+001

2.45571614547263e+006,-2.25170900047629e+001,-4.29715834336619e+001

2.48999666537541e+006,-2.25365232477346e+001,-4.35340884382277e+001

2.52475572350295e+006,-2.25564137051379e+001,-4.41031557447451e+001

2.55999999999995e+006,-2.25767701298983e+001,-4.46788331704090e+001

2.59573626826243e+006,-2.25976013426752e+001,-4.52611680508537e+001

2.63197139623948e+006,-2.26189162276700e+001,-4.58502072202864e+001

2.66871234775322e+006,-2.26407237282034e+001,-4.64459969922364e+001

2.70596618383708e+006,-2.26630328420610e+001,-4.70485831409990e+001

2.74374006409286e+006,-2.26858526166054e+001,-4.76580108838533e+001

2.78204124806666e+006,-2.27091921436563e+001,-4.82743248641384e+001

2.82087709664407e+006,-2.27330605541366e+001,-4.88975691352710e+001

2.86025507346483e+006,-2.27574670124874e+001,-4.95277871457905e+001

2.90018274635719e+006,-2.27824207108524e+001,-5.01650217255213e+001

2.94066778879236e+006,-2.28079308630350e+001,-5.08093150729397e+001

2.98171798135919e+006,-2.28340066982302e+001,-5.14607087438371e+001

3.02334121325954e+006,-2.28606574545359e+001,-5.21192436413698e+001

3.06554548382440e+006,-2.28878923722484e+001,-5.27849600075881e+001

3.10833890405126e+006,-2.29157206869476e+001,-5.34578974165360e+001

3.15172969816293e+006,-2.29441516223775e+001,-5.41380947690130e+001

3.19572620518807e+006,-2.29731943831306e+001,-5.48255902890908e+001

3.24033688056386e+006,-2.30028581471440e+001,-5.55204215224742e+001

3.28557029776097e+006,-2.30331520580154e+001,-5.62226253367950e+001

3.33143514993129e+006,-2.30640852171503e+001,-5.69322379239290e+001

3.37794025157855e+006,-2.30956666757501e+001,-5.76492948044185e+001

3.42509454025238e+006,-2.31279054266548e+001,-5.83738308340854e+001

3.47290707826598e+006,-2.31608103960497e+001,-5.91058802129153e+001

3.52138705443768e+006,-2.31943904350543e+001,-5.98454764962875e+001

3.57054378585697e+006,-2.32286543112035e+001,-6.05926526086260e+001

3.62038671967506e+006,-2.32636106998393e+001,-6.13474408595376e+001

3.67092543492045e+006,-2.32992681754281e+001,-6.21098729625052e+001

3.72216964433992e+006,-2.33356352028214e+001,-6.28799800561891e+001

3.77412919626515e+006,-2.33727201284759e+001,-6.36577927283956e+001

3.82681407650537e+006,-2.34105311716540e+001,-6.44433410427551e+001

3.88023441026655e+006,-2.34490764156222e+001,-6.52366545681525e+001

3.93440046409724e+006,-2.34883637988669e+001,-6.60377624109441e+001

3.98932264786168e+006,-2.35284011063495e+001,-6.68466932499842e+001

4.04501151674041e+006,-2.35691959608204e+001,-6.76634753744853e+001

4.10147777325879e+006,-2.36107558142134e+001,-6.84881367247169e+001

4.15873226934385e+006,-2.36530879391422e+001,-6.93207049355496e+001

4.21678600840989e+006,-2.36961994205210e+001,-7.01612073828361e+001

4.27565014747317e+006,-2.37400971473308e+001,-7.10096712326157e+001

4.33533599929606e+006,-2.37847878045537e+001,-7.18661234931175e+001

4.39585503456121e+006,-2.38302778652978e+001,-7.27305910695287e+001

4.45721888407607e+006,-2.38765735831338e+001,-7.36031008214884e+001

4.51943934100807e+006,-2.39236809846657e+001,-7.44836796232517e+001

4.58252836315113e+006,-2.39716058623569e+001,-7.53723544264672e+001

4.64649807522377e+006,-2.40203537676330e+001,-7.62691523254936e+001

4.71136077119927e+006,-2.40699300042815e+001,-7.71741006251804e+001

4.77712891666836e+006,-2.41203396221689e+001,-7.80872269110215e+001

4.84381515123496e+006,-2.41715874112942e+001,-7.90085591215858e+001

4.91143229094526e+006,-2.42236778961971e+001,-7.99381256231180e+001

4.97999333075080e+006,-2.42766153307385e+001,-8.08759552861982e+001

5.04951144700590e+006,-2.43304036932710e+001,-8.18220775643351e+001

5.11999999999990e+006,-2.43850466822130e+001,-8.27765225743668e+001

5.19147253652485e+006,-2.44405477120418e+001,-8.37393211785295e+001

5.26394279247896e+006,-2.44969099097197e+001,-8.47105050680540e+001

5.33742469550644e+006,-2.45541361115622e+001,-8.56901068481398e+001

5.41193236767416e+006,-2.46122288605620e+001,-8.66781601241526e+001

5.48748012818571e+006,-2.46711904041748e+001,-8.76746995888847e+001

5.56408249613331e+006,-2.47310226925758e+001,-8.86797611107198e+001

5.64175419328813e+006,-2.47917273773928e+001,-8.96933818225281e+001

5.72051014692965e+006,-2.48533058109190e+001,-9.07156002111296e+001

5.80036549271437e+006,-2.49157590458098e+001,-9.17464562071485e+001

5.88133557758470e+006,-2.49790878352626e+001,-9.27859912750910e+001

5.96343596271837e+006,-2.50432926336801e+001,-9.38342485034682e+001

6.04668242651907e+006,-2.51083735978151e+001,-9.48912726947955e+001

6.13109096764879e+006,-2.51743305883913e+001,-9.59571104552941e+001

6.21667780810251e+006,-2.52411631721954e+001,-9.70318102841249e+001

6.30345939632584e+006,-2.53088706246333e+001,-9.81154226619884e+001

6.39145241037612e+006,-2.53774519327403e+001,-9.92080001389237e+001

6.48067376112770e+006,-2.54469057986365e+001,-1.00309597421149e+002

6.57114059552193e+006,-2.55172306434142e+001,-1.01420271456786e+002

6.66287029986256e+006,-2.55884246114431e+001,-1.02540081520314e+002

6.75588050315708e+006,-2.56604855750816e+001,-1.03669089295624e+002

6.85018908050475e+006,-2.57334111397730e+001,-1.04807358957505e+002

6.94581415653194e+006,-2.58071986495148e+001,-1.05954957251471e+002

7.04277410887534e+006,-2.58818451926776e+001,-1.07111953571762e+002

7.14108757171393e+006,-2.59573476081565e+001,-1.08278420037446e+002

7.24077343935009e+006,-2.60337024918341e+001,-1.09454431566472e+002

7.34185086984088e+006,-2.61109062033322e+001,-1.10640065947613e+002

7.44433928867983e+006,-2.61889548730312e+001,-1.11835403910183e+002

7.54825839253028e+006,-2.62678444093330e+001,-1.13040529191464e+002

7.65362815301072e+006,-2.63475705061433e+001,-1.14255528601755e+002

7.76046882053307e+006,-2.64281286505508e+001,-1.15480492087000e+002

7.86880092819446e+006,-2.65095141306757e+001,-1.16715512788937e+002

7.97864529572335e+006,-2.65917220436651e+001,-1.17960687102711e+002

8.09002303348081e+006,-2.66747473038074e+001,-1.19216114731945e+002

8.20295554651756e+006,-2.67585846507421e+001,-1.20481898741229e+002

8.31746453868768e+006,-2.68432286577386e+001,-1.21758145606013e+002

8.43357201681977e+006,-2.69286737400183e+001,-1.23044965259917e+002

8.55130029494632e+006,-2.70149141630942e+001,-1.24342471139447e+002

8.67067199859209e+006,-2.71019440511038e+001,-1.25650780226139e+002

8.79171006912241e+006,-2.71897573951092e+001,-1.26970013086159e+002

8.91443776815212e+006,-2.72783480613401e+001,-1.28300293907388e+002

9.03887868201611e+006,-2.73677097993553e+001,-1.29641750534035e+002

9.16505672630224e+006,-2.74578362500990e+001,-1.30994514498825e+002

9.29299615044753e+006,-2.75487209538280e+001,-1.32358721052828e+002

9.42272154239852e+006,-2.76403573578881e+001,-1.33734509192985e+002

9.55425783333670e+006,-2.77327388243166e+001,-1.35122021687404e+002

9.68763030246989e+006,-2.78258586372492e+001,-1.36521405098523e+002

9.82286458189050e+006,-2.79197100101116e+001,-1.37932809804190e+002

9.95998666150159e+006,-2.80142860925751e+001,-1.39356390016797e+002

1.00990228940118e+007,-2.81095799772559e+001,-1.40792303800524e+002

1.02399999999998e+007,-2.82055847061417e+001,-1.42240713086829e+002

1.03829450730497e+007,-2.83022932767257e+001,-1.43701783688275e+002

1.05278855849579e+007,-2.83996986478319e+001,-1.45175685310809e+002

1.06748493910128e+007,-2.84977937451161e+001,-1.46662591564615e+002

1.08238647353483e+007,-2.85965714662260e+001,-1.48162679973671e+002

1.09749602563714e+007,-2.86960246856071e+001,-1.49676131984116e+002

1.11281649922666e+007,-2.87961462589393e+001,-1.51203132971578e+002

1.12835083865762e+007,-2.88969290271938e+001,-1.52743872247586e+002

1.14410202938593e+007,-2.89983658202951e+001,-1.54298543065202e+002

1.16007309854287e+007,-2.91004494603789e+001,-1.55867342624018e+002

1.17626711551694e+007,-2.92031727646361e+001,-1.57450472074664e+002

1.19268719254367e+007,-2.93065285477310e+001,-1.59048136522961e+002

1.20933648530381e+007,-2.94105096237869e+001,-1.60660545033878e+002

1.22621819352976e+007,-2.95151088079310e+001,-1.62287910635441e+002

1.24333556162050e+007,-2.96203189173905e+001,-1.63930450322740e+002

1.26069187926517e+007,-2.97261327721341e+001,-1.65588385062209e+002

1.27829048207522e+007,-2.98325431950537e+001,-1.67261939796311e+002

1.29613475222554e+007,-2.99395430116818e+001,-1.68951343448807e+002

1.31422811910438e+007,-3.00471250494387e+001,-1.70656828930768e+002

1.33257405997251e+007,-3.01552821364099e+001,-1.72378633147489e+002

1.35117610063141e+007,-3.02640070996484e+001,-1.74116997006468e+002

1.37003781610095e+007,-3.03732927630013e+001,-1.75872165426640e+002

1.38916283130638e+007,-3.04831319444620e+001,-1.77644387349012e+002

1.40855482177507e+007,-3.05935174530452e+001,-1.79433915748879e+002

1.42821751434278e+007,-3.07044420851887e+001,1.78758992350190e+002

1.44815468787002e+007,-3.08158986206827e+001,1.76934075860433e+002

1.46837017396817e+007,-3.09278798181299e+001,1.75091069611868e+002

1.48886785773596e+007,-3.10403784099415e+001,1.73229704331954e+002

1.50965167850605e+007,-3.11533870968728e+001,1.71349706622779e+002

1.53072563060214e+007,-3.12668985421064e+001,1.69450798935579e+002

1.55209376410661e+007,-3.13809053648882e+001,1.67532699542396e+002

1.57376018563889e+007,-3.14954001337280e+001,1.65595122504697e+002

1.59572905914467e+007,-3.16103753591713e+001,1.63637777638753e+002

1.61800460669616e+007,-3.17258234861556e+001,1.61660370477581e+002

1.64059110930351e+007,-3.18417368859632e+001,1.59662602229273e+002

1.66349290773753e+007,-3.19581078477850e+001,1.57644169731490e+002

1.68671440336395e+007,-3.20749285699097e+001,1.55604765401944e+002

1.71026005898926e+007,-3.21921911505573e+001,1.53544077184669e+002

1.73413439971842e+007,-3.23098875783751e+001,1.51461788491862e+002

1.75834201382448e+007,-3.24280097226163e+001,1.49357578141131e+002

1.78288755363042e+007,-3.25465493230249e+001,1.47231120287921e+002

1.80777573640322e+007,-3.26654979794515e+001,1.45082084352940e+002

1.83301134526044e+007,-3.27848471412250e+001,1.42910134944392e+002

1.85859923008950e+007,-3.29045880963117e+001,1.40714931774815e+002

1.88454430847970e+007,-3.30247119602899e+001,1.38496129572346e+002

1.91085156666734e+007,-3.31452096651760e+001,1.36253377986232e+002

1.93752606049397e+007,-3.32660719481352e+001,1.33986321486398e+002

1.96457291637810e+007,-3.33872893401180e+001,1.31694599256921e+002

1.99199733230031e+007,-3.35088521544595e+001,1.29377845083223e+002

2.01980457880235e+007,-3.36307504754887e+001,1.27035687232856e+002

2.04799999999995e+007,-3.37529741471905e+001,1.24667748329717e+002

2.07658901460993e+007,-3.38755127619712e+001,1.22273645221572e+002

2.10557711699157e+007,-3.39983556495775e+001,1.19852988840769e+002

2.13496987820257e+007,-3.41214918662237e+001,1.17405384058046e+002

2.16477294706965e+007,-3.42449101839835e+001,1.14930429529344e+002

2.19499205127428e+007,-3.43685990805062e+001,1.12427717535568e+002

2.22563299845331e+007,-3.44925467291185e+001,1.09896833815254e+002

2.25670167731524e+007,-3.46167409893774e+001,1.07337357390119e+002

2.28820405877185e+007,-3.47411693981403e+001,1.04748860383523e+002

2.32014619708574e+007,-3.48658191612221e+001,1.02130907831853e+002

2.35253423103387e+007,-3.49906771457095e+001,9.94830574889361e+001

2.38537438508734e+007,-3.51157298730072e+001,9.68048596235513e+001

2.41867297060762e+007,-3.52409635126889e+001,9.40958568102111e+001

2.45243638705951e+007,-3.53663638772302e+001,9.13555837133788e+001

2.48667112324099e+007,-3.54919164176988e+001,8.85835668653540e+001

2.52138375853033e+007,-3.56176062204804e+001,8.57793244380927e+001

2.55658096415044e+007,-3.57434180051167e+001,8.29423660092829e+001

2.59226950445107e+007,-3.58693361233303e+001,8.00721923230439e+001

2.62845623820876e+007,-3.59953445593141e+001,7.71682950456687e+001

2.66514811994501e+007,-3.61214269313558e+001,7.42301565168907e+001

2.70235220126282e+007,-3.62475664948679e+001,7.12572494972039e+001

2.74007563220189e+007,-3.63737461468895e+001,6.82490369118336e+001

2.77832566261276e+007,-3.64999484321215e+001,6.52049715920063e+001

2.81710964355012e+007,-3.66261555505505e+001,6.21244960142360e+001

2.85643502868556e+007,-3.67523493667084e+001,5.90070420383960e+001

2.89630937574003e+007,-3.68785114206116e+001,5.58520306454153e+001

2.93674034793634e+007,-3.70046229404065e+001,5.26588716754882e+001

2.97773571547192e+007,-3.71306648567437e+001,4.94269635677467e+001

3.01930335701210e+007,-3.72566178188883e+001,4.61556931023973e+001

3.06145126120428e+007,-3.73824622125582e+001,4.28444351463704e+001

3.10418752821322e+007,-3.75081781794699e+001,3.94925524035714e+001

3.14752037127777e+007,-3.76337456385537e+001,3.60993951708596e+001

3.19145811828933e+007,-3.77591443087788e+001,3.26643011009008e+001

3.23600921339231e+007,-3.78843537335122e+001,2.91865949730553e+001

3.28118221860701e+007,-3.80093533063125e+001,2.56655884734626e+001

3.32698581547506e+007,-3.81341222980368e+001,2.21005799854649e+001

3.37342880672789e+007,-3.82586398851145e+001,1.84908543914840e+001

3.42052011797851e+007,-3.83828851788181e+001,1.48356828874069e+001

3.46826879943682e+007,-3.85068372553344e+001,1.11343228104624e+001

3.51668402764895e+007,-3.86304751864149e+001,7.38601748147150e+000

3.56577510726083e+007,-3.87537780703583e+001,3.58999606222808e+000

3.61555147280643e+007,-3.88767250630521e+001,-2.54526571391860e-001

3.66602269052088e+007,-3.89992954087780e+001,-4.14834994017484e+000

3.71719846017899e+007,-3.91214684704655e+001,-8.09228805596953e+000

3.76908861695939e+007,-3.92432237590557e+001,-1.20871694997932e+001

3.82170313333466e+007,-3.93645409616271e+001,-1.61338374839711e+001

3.87505212098794e+007,-3.94853999679219e+001,-2.02331498989530e+001

3.92914583275618e+007,-3.96057808949075e+001,-2.43859793457885e+001

3.98399466460062e+007,-3.97256641090128e+001,-2.85932131556079e+001

4.03960915760469e+007,-3.98450302456853e+001,-3.28557533978468e+001

4.09599999999989e+007,-3.99638602259394e+001,-3.71745168793529e+001

4.15317802921985e+007,-4.00821352695911e+001,-4.15504351369239e+001

4.21115423398314e+007,-4.01998369049218e+001,-4.59844544262337e+001

4.26993975640512e+007,-4.03169469745592e+001,-5.04775357104963e+001

4.32954589413930e+007,-4.04334476374367e+001,-5.50306546525797e+001

4.38998410254854e+007,-4.05493213667666e+001,-5.96448016146052e+001

4.45126599690662e+007,-4.06645509440549e+001,-6.43209816693222e+001

4.51340335463048e+007,-4.07791194492906e+001,-6.90602146277271e+001

4.57640811754369e+007,-4.08930102475571e+001,-7.38635350874707e+001

4.64029239417147e+007,-4.10062069724358e+001,-7.87319925065483e+001

4.70506846206773e+007,-4.11186935067074e+001,-8.36666513065821e+001

4.77074877017467e+007,-4.12304539609860e+001,-8.86685910096497e+001

4.83734594121523e+007,-4.13414726510618e+001,-9.37389064120793e+001

4.90487277411900e+007,-4.14517340748494e+001,-9.88787077979143e+001

4.97334224648198e+007,-4.15612228899634e+001,-1.04089121193821e+002

5.04276751706064e+007,-4.16699238930346e+001,-1.09371288666086e+002

5.11316192830087e+007,-4.17778220019605e+001,-1.14726368659039e+002

5.18453900890213e+007,-4.18849022423163e+001,-1.20155536372722e+002

5.25691247641751e+007,-4.19911497391594e+001,-1.25659984176003e+002

5.33029623989002e+007,-4.20965497154039e+001,-1.31240922049586e+002

5.40470440252563e+007,-4.22010874978414e+001,-1.36899578051540e+002

5.48015126440377e+007,-4.23047485317161e+001,-1.42637198796266e+002

5.55665132522551e+007,-4.24075184045296e+001,-1.48455049936114e+002

5.63421928710024e+007,-4.25093828794577e+001,-1.54354416633438e+002

5.71287005737111e+007,-4.26103279383935e+001,-1.60336604009761e+002

5.79261875148004e+007,-4.27103398342168e+001,-1.66402937558035e+002

5.87348069587267e+007,-4.28094051514165e+001,-1.72554763503843e+002

5.95547143094383e+007,-4.29075108736936e+001,-1.78793449101940e+002

6.03860671402418e+007,-4.30046444566584e+001,1.74879617144168e+002

6.12290252240854e+007,-4.31007939032324e+001,1.68463025349759e+002

6.20837505642642e+007,-4.31959478389132e+001,1.61955344210674e+002

6.29504074255552e+007,-4.32900955836786e+001,1.55355121062539e+002

6.38291623657864e+007,-4.33832272170524e+001,1.48660882035934e+002

6.47201842678461e+007,-4.34753336327418e+001,1.41871132300590e+002

6.56236443721400e+007,-4.35664065793541e+001,1.34984356385772e+002

6.65397163095010e+007,-4.36564386840045e+001,1.27999018557989e+002

6.74685761345577e+007,-4.37454234561959e+001,1.20913563231178e+002

6.84104023595701e+007,-4.38333552701664e+001,1.13726415379245e+002

6.93653759887363e+007,-4.39202293249780e+001,1.06435980916620e+002

7.03336805529788e+007,-4.40060415829163e+001,9.90406470098877e+001

7.13155021452165e+007,-4.40907886882467e+001,9.15387822831100e+001

7.23110294561284e+007,-4.41744678699442e+001,8.39287368815853e+001

7.33204538104174e+007,-4.42570768335751e+001,7.62088423638995e+001

7.43439692035797e+007,-4.43386136489428e+001,6.83774114003303e+001

7.53817723391876e+007,-4.44190766412570e+001,6.04327372669786e+001

7.64340626666931e+007,-4.44984642943057e+001,5.23730931390283e+001

7.75010424197586e+007,-4.45767751742380e+001,4.41967312026267e+001

7.85829166551234e+007,-4.46540078819884e+001,3.59018816219918e+001

7.96798932920122e+007,-4.47301610409876e+001,2.74867514151094e+001

8.07921831520937e+007,-4.48052333245839e+001,1.89495233061222e+001

8.19199999999977e+007,-4.48792235245963e+001,1.02883546334008e+001

8.30635605843968e+007,-4.49521306587653e+001,1.50137639743111e+000

8.42230846796626e+007,-4.50239541108177e+001,-7.41330746961925e+000

8.53987951281022e+007,-4.50946937927536e+001,-1.64576205417670e+001

8.65909178827858e+007,-4.51643503152368e+001,-2.56335139938590e+001

8.77996820509706e+007,-4.52329251491176e+001,-3.49429663315175e+001

8.90253199381321e+007,-4.53004207596395e+001,-4.43879827714559e+001

9.02680670926093e+007,-4.53668406952442e+001,-5.39705943284330e+001

9.15281623508736e+007,-4.54321896154169e+001,-6.36928567068991e+001

9.28058478834291e+007,-4.54964732468499e+001,-7.35568491327065e+001

9.41013692413544e+007,-4.55596982642018e+001,-8.35646732874120e+001

9.54149754034931e+007,-4.56218721004238e+001,-9.37184525190040e+001

9.67469188243043e+007,-4.56830027011944e+001,-1.04020331493538e+002

9.80974554823798e+007,-4.57430982472989e+001,-1.14472476419079e+002

9.94668449296393e+007,-4.58021668764302e+001,-1.25077075916424e+002

1.00855350341213e+008,-4.58602164404011e+001,-1.35836342533474e+002

1.02263238566017e+008,-4.59172543338095e+001,-1.46752514809491e+002

1.03690780178042e+008,-4.59732874248454e+001,-1.57827859702885e+002

1.05138249528350e+008,-4.60283221078970e+001,-1.69064675116163e+002

1.06605924797800e+008,-4.60823644815099e+001,1.79534707800112e+002

1.08094088050512e+008,-4.61354206357390e+001,1.67967922891406e+002

1.09603025288075e+008,-4.61874970126522e+001,1.56232568073930e+002

1.11133026504510e+008,-4.62386007861437e+001,1.44326205421350e+002

1.12684385742004e+008,-4.62887401960672e+001,1.32246362293521e+002

1.14257401147422e+008,-4.63379247704393e+001,1.19990533353587e+002

1.15852375029601e+008,-4.63861653804364e+001,1.07556183132224e+002

1.17469613917453e+008,-4.64334740965050e+001,9.49407486428125e+001

1.19109428618876e+008,-4.64798638480193e+001,8.21416414671239e+001

1.20772134280483e+008,-4.65253479286361e+001,6.91562487504728e+001

1.22458050448171e+008,-4.65699394274710e+001,5.59819326859520e+001

1.24167501128528e+008,-4.66136506936965e+001,4.26160283240805e+001

1.25900814851110e+008,-4.66564929506567e+001,2.90558398833102e+001

1.27658324731572e+008,-4.66984761590902e+001,1.52986360966797e+001

1.29440368535692e+008,-4.67396091862048e+001,1.34164542856915e+000

1.31247288744280e+008,-4.67799002731039e+001,-1.28179478536430e+001

1.33079432619002e+008,-4.68193577191688e+001,-2.71830058347663e+001

1.34937152269115e+008,-4.68579906356164e+001,-4.17564367283240e+001

1.36820804719140e+008,-4.68958095808944e+001,-5.65411921965947e+001

1.38730751977472e+008,-4.69328268944212e+001,-7.15402627798207e+001

1.40667361105957e+008,-4.69690566005414e+001,-8.67566726027229e+001

1.42631004290433e+008,-4.70045138564026e+001,-1.02193474904742e+002

1.44622058912256e+008,-4.70392140453497e+001,-1.17853749934122e+002

1.46640907620835e+008,-4.70731717378102e+001,-1.33740606274858e+002

1.48687938407159e+008,-4.71063998150588e+001,-1.49857185788682e+002

1.50763544678375e+008,-4.71389090439394e+001,-1.66206671249355e+002

1.52868125333386e+008,-4.71707082878056e+001,1.77207705255907e+002

1.55002084839517e+008,-4.72018053553369e+001,1.60382655619265e+002

1.57165833310246e+008,-4.72322082716440e+001,1.43314832943581e+002

1.59359786584024e+008,-4.72619265762099e+001,1.26000833904084e+002

1.61584366304187e+008,-4.72909721841333e+001,1.08437205755833e+002

1.63839999999995e+008,-4.73193594404247e+001,9.06204557058857e+001

1.66127121168793e+008,-4.73471042496865e+001,7.25470591268992e+001

1.68446169359325e+008,-4.73742225081223e+001,5.42134630165276e+001

1.70797590256204e+008,-4.74007283792748e+001,3.56160824829848e+001

1.73181835765571e+008,-4.74266330998343e+001,1.67512905880653e+001

1.75599364101941e+008,-4.74519448783164e+001,-2.38459525331769e+000

1.78050639876264e+008,-4.74766700554873e+001,-2.17953251454313e+001

1.80536134185218e+008,-4.75008151542845e+001,-4.14847217002405e+001

1.83056324701747e+008,-4.75243889820428e+001,-6.14566754041843e+001

1.85611695766858e+008,-4.75474037997069e+001,-8.17151317843430e+001

1.88202738482708e+008,-4.75698748817028e+001,-1.02264076001068e+002

1.90829950806986e+008,-4.75918184953836e+001,-1.23107522615567e+002

1.93493837648608e+008,-4.76132491453617e+001,-1.44249516768830e+002

1.96194910964759e+008,-4.76341774406034e+001,-1.65694147908324e+002

1.98933689859278e+008,-4.76546098042112e+001,1.72554429432342e+002

2.01710700682425e+008,-4.76745503986344e+001,1.50491978024377e+002

2.04526477132034e+008,-4.76940044264078e+001,1.28114173406776e+002

2.07381560356084e+008,-4.77129810356664e+001,1.05416616084252e+002

2.10276499056700e+008,-4.77314940396853e+001,8.23948545540033e+001

2.13211849595600e+008,-4.77495597531555e+001,5.90444056769504e+001

2.16188176101024e+008,-4.77671929811936e+001,3.53607586274115e+001

2.19206050576150e+008,-4.77844035550344e+001,1.13393573763971e+001

2.22266053009019e+008,-4.78011957892073e+001,-1.30244296723783e+001

2.25368771484008e+008,-4.78175715663650e+001,-3.77353341831856e+001

2.28514802294843e+008,-4.78335352923058e+001,-6.27981892671773e+001

2.31704750059200e+008,-4.78490973527064e+001,-8.82179047899907e+001

2.34939227834906e+008,-4.78642733354928e+001,-1.13999432674110e+002

2.38218857237752e+008,-4.78790791296767e+001,-1.40147748231002e+002

2.41544268560966e+008,-4.78935252655057e+001,-1.66667864707853e+002

2.44916100896340e+008,-4.79076149529099e+001,1.66435126072164e+002

2.48335002257056e+008,-4.79213478508463e+001,1.39156016683958e+002

2.51801629702220e+008,-4.79347270243468e+001,1.11489481533747e+002

2.55316649463144e+008,-4.79477634102836e+001,8.34301139363872e+001

2.58880737071383e+008,-4.79604735384364e+001,5.49724733166318e+001

2.62494577488559e+008,-4.79728718399937e+001,2.61110995715824e+001

2.66158865238003e+008,-4.79849641529835e+001,-3.15952351459279e+000

2.69874304538230e+008,-4.79967488020054e+001,-3.28450272983112e+001

2.73641609438279e+008,-4.80082250205444e+001,-6.29511850827465e+001

2.77461503954944e+008,-4.80194009997732e+001,-9.34838771899335e+001

2.81334722211914e+008,-4.80302931730809e+001,-1.24449024988545e+002

2.85262008580865e+008,-4.80409165481770e+001,-1.55852561929352e+002

2.89244117824512e+008,-4.80512756706192e+001,1.72299521543559e+002

2.93281815241668e+008,-4.80613663980257e+001,1.40001100200756e+002

2.97375876814318e+008,-4.80711876061481e+001,1.07245887704570e+002

3.01527089356749e+008,-4.80807501187312e+001,7.40274967533829e+001

3.05736250666771e+008,-4.80900718066677e+001,4.03395208596260e+001

3.10004169679033e+008,-4.80991634601163e+001,6.17553747807478e+000

3.14331666620492e+008,-4.81080223586508e+001,-2.84709812744046e+001

3.18719573168047e+008,-4.81166426809041e+001,-6.36067457156267e+001

3.23168732608373e+008,-4.81250306530559e+001,-9.92386114954663e+001

3.27679999999989e+008,-4.81332042951333e+001,-1.35373468922256e+002

3.32254242337586e+008,-4.81411765583210e+001,-1.72018207472582e+002

3.36892338718649e+008,-4.81489442741732e+001,1.50820184324507e+002

3.41595180512407e+008,-4.81564996670888e+001,1.13134514259258e+002

3.46363671531142e+008,-4.81638494195692e+001,7.49174312852517e+001

3.51198728203881e+008,-4.81710127911443e+001,3.61615635842795e+001

3.56101279752527e+008,-4.81779997096947e+001,-3.14046008717261e+000

3.61072268370436e+008,-4.81848021192609e+001,-4.29961536256689e+001

3.66112649403493e+008,-4.81914140824487e+001,-8.34132638876489e+001

3.71223391533715e+008,-4.81978495209228e+001,-1.24399653568794e+002

3.76405476965416e+008,-4.82041268291647e+001,-1.65963161529617e+002

3.81659901613971e+008,-4.82102444082806e+001,1.51888312832483e+002

3.86987675297216e+008,-4.82161903706666e+001,1.09146629975627e+002

3.92389821929517e+008,-4.82219716161761e+001,6.58034548160806e+001

3.97867379718556e+008,-4.82276092372941e+001,2.18504584880877e+001

4.03421401364849e+008,-4.82331061523667e+001,-2.27207005133032e+001

4.09052954264066e+008,-4.82384482664629e+001,-6.79186009257710e+001

4.14763120712167e+008,-4.82436396783018e+001,-1.13752058180210e+002

4.20552998113398e+008,-4.82487024480309e+001,-1.60229884404002e+002

4.26423699191198e+008,-4.82536384980287e+001,1.52639103525746e+002

4.32376352202047e+008,-4.82584322462583e+001,1.04845821441862e+002

4.38412101152298e+008,-4.82630914387063e+001,5.63809514665952e+001

4.44532106018038e+008,-4.82676379252594e+001,7.23521581009582e+000

4.50737542968016e+008,-4.82720655952767e+001,-4.26007192580048e+001

4.57029604589685e+008,-4.82763608869455e+001,-9.31365175652192e+001

4.63409500118400e+008,-4.82805417334481e+001,-1.44381991907565e+002

4.69878455669810e+008,-4.82846219643958e+001,1.63653121744606e+002

4.76437714475503e+008,-4.82885838527925e+001,1.10958875871602e+002

4.83088537121932e+008,-4.82924283923069e+001,5.75249950615460e+001

4.89832201792680e+008,-4.82961794162856e+001,3.34123621103287e+000

4.96670004514110e+008,-4.82998278251946e+001,-5.16026907780424e+001

5.03603259404439e+008,-4.83033605679587e+001,-1.07317463064781e+002

5.10633298926288e+008,-4.83068007167408e+001,-1.63813845613276e+002

5.17761474142765e+008,-4.83101485850853e+001,1.38897451902045e+002

5.24989154977117e+008,-4.83133835302070e+001,8.08053449965566e+001

5.32317730476004e+008,-4.83165241025547e+001,2.18985608376642e+001

5.39748609076458e+008,-4.83195744323147e+001,-3.78340803449303e+001

5.47283218876557e+008,-4.83225094325629e+001,-9.84041289081852e+001

5.54923007909887e+008,-4.83253447835819e+001,-1.59823376694770e+002

5.62669444423827e+008,-4.83280829502087e+001,1.37896466478656e+002

5.70524017161728e+008,-4.83307013521075e+001,7.47432586803806e+001

5.78488235649024e+008,-4.83332311140637e+001,1.07046214005053e+001

5.86563630483336e+008,-4.83356976396615e+001,-5.42317481480049e+001

5.94751753628634e+008,-4.83381344987028e+001,-1.20078503226335e+002

6.03054178713497e+008,-4.83406262111456e+001,1.73151912065665e+002

6.11472501333541e+008,-4.83431779555204e+001,1.05447290734791e+002

6.20008339358065e+008,-4.83457481601911e+001,3.67948838620733e+001

6.28663333240983e+008,-4.83482942000539e+001,-3.28182839686636e+001

6.37439146336093e+008,-4.83507449382794e+001,-1.03405731610098e+002

6.46337465216745e+008,-4.83531036148254e+001,-1.74981354353874e+002

6.55359999999977e+008,-4.83553672129415e+001,1.12441102169338e+002

6.64508484675170e+008,-4.83575316793290e+001,3.88474309068277e+001

6.73784677437296e+008,-4.83596291263904e+001,-3.57764794552420e+001

6.83190361024813e+008,-4.83616404344342e+001,-1.11444991504479e+002

6.92727343062282e+008,-4.83635946316981e+001,1.71827245813373e+002

7.02397456407760e+008,-4.83654830524838e+001,9.40256338536702e+001

7.12202559505052e+008,-4.83673119716918e+001,1.51350425513167e+001

7.22144536740870e+008,-4.83690930024632e+001,-6.48595221545211e+001

7.32225298806984e+008,-4.83708118738387e+001,-1.45973569028864e+002

7.42446783067428e+008,-4.83724934446329e+001,1.31777405789823e+002

7.52810953930830e+008,-4.83741142008261e+001,4.83775510633674e+001

7.63319803227940e+008,-4.83757021204201e+001,-3.61891587634557e+001

7.73975350594429e+008,-4.83772332894419e+001,-1.21938941681121e+002

7.84779643859033e+008,-4.83787332309781e+001,1.51111661615881e+002

7.95734759437109e+008,-4.83801808453795e+001,6.29460211022724e+001

8.06842802729695e+008,-4.83815984994096e+001,-2.64528986797295e+001

8.18105908528131e+008,-4.83829671674314e+001,-1.17102182784731e+002

8.29526241424333e+008,-4.83843079362031e+001,1.50980652630253e+002

8.41105996226795e+008,-4.83856016393778e+001,5.77780296969172e+001

8.52847398382395e+008,-4.83868702965624e+001,-3.67280377183165e+001

8.64752704404093e+008,-4.83880930166148e+001,-1.32555658733774e+002

8.76824202304595e+008,-4.83892932699745e+001,1.30276723473049e+002

8.89064212036074e+008,-4.83904496167679e+001,3.17504272473246e+001

9.01475085936030e+008,-4.83915836422721e+001,-6.81534368710542e+001

9.14059209179369e+008,-4.83926791562109e+001,-1.69454153261933e+002

9.26819000236798e+008,-4.83937478936032e+001,8.78289257739458e+001

9.39756911339618e+008,-4.83947878304422e+001,-1.63240714685582e+001

9.52875428951004e+008,-4.83957933591840e+001,-1.21933039606054e+002

9.66177074243861e+008,-4.83967792431077e+001,1.30981643539937e+002

9.79664403585357e+008,-4.83977281330169e+001,2.23994170074442e+001

9.93340009028218e+008,-4.83986560934634e+001,-8.77005337214758e+001

1.00000000000000e+009,-4.83990901998637e+001,-1.41319720763485e+002

