Freq.,VOut,OutRef

1.00000000000000e+004,-4.75033400176203e+000,-4.43585223756274e-002

1.01395947979003e+004,-4.75033440409268e+000,-4.49776740328969e-002

1.02811382665607e+004,-4.75033481771874e+000,-4.56054657461492e-002

1.04246576084112e+004,-4.75033524295721e+000,-4.62420179977501e-002

1.05701804056138e+004,-4.75033568013320e+000,-4.68874529510132e-002

1.07177346253629e+004,-4.75033612958182e+000,-4.75418944636966e-002

1.08673486252606e+004,-4.75033659164666e+000,-4.82054681219636e-002

1.10190511587661e+004,-4.75033706668193e+000,-4.88783012527544e-002

1.11728713807222e+004,-4.75033755505022e+000,-4.95605229636342e-002

1.13288388529580e+004,-4.75033805712581e+000,-5.02522641482476e-002

1.14869835499703e+004,-4.75033857329246e+000,-5.09536575260839e-002

1.16473358646846e+004,-4.75033910394514e+000,-5.16648376597970e-002

1.18099266142953e+004,-4.75033964948925e+000,-5.23859409861870e-002

1.19747870461893e+004,-4.75034021034265e+000,-5.31171058320518e-002

1.21419488439505e+004,-4.75034078693362e+000,-5.38584724548744e-002

1.23114441334492e+004,-4.75034137970257e+000,-5.46101830600236e-002

1.24833054890161e+004,-4.75034198910325e+000,-5.53723818228890e-002

1.26575659397028e+004,-4.75034261560091e+000,-5.61452149298019e-002

1.28342589756290e+004,-4.75034325967429e+000,-5.69288305942657e-002

1.30134185544193e+004,-4.75034392181542e+000,-5.77233790899604e-002

1.31950791077289e+004,-4.75034460252964e+000,-5.85290127798488e-002

1.33792755478611e+004,-4.75034530233717e+000,-5.93458861380073e-002

1.35660432744767e+004,-4.75034602177227e+000,-6.01741557869524e-002

1.37554181813974e+004,-4.75034676138380e+000,-6.10139805251735e-002

1.39474366635040e+004,-4.75034752173630e+000,-6.18655213528661e-002

1.41421356237309e+004,-4.75034830340983e+000,-6.27289415065750e-002

1.43395524801583e+004,-4.75034910700078e+000,-6.36044064870940e-002

1.45397251732031e+004,-4.75034993312179e+000,-6.44920840935888e-002

1.47426921729110e+004,-4.75035078240305e+000,-6.53921444499028e-002

1.49484924863494e+004,-4.75035165549161e+000,-6.63047600439944e-002

1.51571656651040e+004,-4.75035255305343e+000,-6.72301057498117e-002

1.53687518128801e+004,-4.75035347577184e+000,-6.81683588734772e-002

1.55832915932100e+004,-4.75035442434994e+000,-6.91196991741094e-002

1.58008262372675e+004,-4.75035539950990e+000,-7.00843089057899e-002

1.60213975517924e+004,-4.75035640199448e+000,-7.10623728435291e-002

1.62450479271247e+004,-4.75035743256646e+000,-7.20540783271072e-002

1.64718203453514e+004,-4.75035849200982e+000,-7.30596152912425e-002

1.67017583885674e+004,-4.75035958113118e+000,-7.40791762945395e-002

1.69349062472505e+004,-4.75036070075799e+000,-7.51129565721151e-002

1.71713087287550e+004,-4.75036185174201e+000,-7.61611540523765e-002

1.74110112659224e+004,-4.75036303495734e+000,-7.72239694117648e-002

1.76540599258131e+004,-4.75036425130368e+000,-7.83016060933664e-002

1.79005014185594e+004,-4.75036550170427e+000,-7.93942703638998e-002

1.81503831063432e+004,-4.75036678710872e+000,-8.05021713366447e-002

1.84037530124975e+004,-4.75036810849242e+000,-8.16255210196401e-002

1.86606598307361e+004,-4.75036946685834e+000,-8.27645343467895e-002

1.89211529345119e+004,-4.75037086323612e+000,-8.39194292289274e-002

1.91852823865052e+004,-4.75037229868454e+000,-8.50904265823807e-002

1.94530989482457e+004,-4.75037377429156e+000,-8.62777503748548e-002

1.97246540898671e+004,-4.75037529117489e+000,-8.74816276671298e-002

1.99999999999999e+004,-4.75037685048300e+000,-8.87022886549738e-002

2.02791895958005e+004,-4.75037845339635e+000,-8.99399667075076e-002

2.05622765331213e+004,-4.75038010112758e+000,-9.11948984148642e-002

2.08493152168224e+004,-4.75038179492244e+000,-9.24673236307949e-002

2.11403608112276e+004,-4.75038353606141e+000,-9.37574855122415e-002

2.14354692507258e+004,-4.75038532585979e+000,-9.50656305689572e-002

2.17346972505211e+004,-4.75038716566926e+000,-9.63920087043147e-002

2.20381023175322e+004,-4.75038905687801e+000,-9.77368732664053e-002

2.23457427614443e+004,-4.75039100091303e+000,-9.91004810851556e-002

2.26576777059159e+004,-4.75039299923995e+000,-1.00483092527217e-001

2.29739670999406e+004,-4.75039505336442e+000,-1.01884971540827e-001

2.32946717293690e+004,-4.75039716483330e+000,-1.03306385702539e-001

2.36198532285905e+004,-4.75039933523605e+000,-1.04747606262975e-001

2.39495740923785e+004,-4.75040156620541e+000,-1.06208908200504e-001

2.42838976879009e+004,-4.75040385941808e+000,-1.07690570271448e-001

2.46228882668982e+004,-4.75040621659703e+000,-1.09192875054468e-001

2.49666109780322e+004,-4.75040863951221e+000,-1.10716109003563e-001

2.53151318794055e+004,-4.75041112998134e+000,-1.12260562502896e-001

2.56685179512580e+004,-4.75041368987156e+000,-1.13826529915130e-001

2.60268371088386e+004,-4.75041632110084e+000,-1.15414309634084e-001

2.63901582154578e+004,-4.75041902563946e+000,-1.17024204136644e-001

2.67585510957221e+004,-4.75042180551055e+000,-1.18656520041261e-001

2.71320865489533e+004,-4.75042466279213e+000,-1.20311568158463e-001

2.75108363627948e+004,-4.75042759961868e+000,-1.21989663544436e-001

2.78948733270080e+004,-4.75043061818220e+000,-1.23691125559568e-001

2.82842712474618e+004,-4.75043372073328e+000,-1.25416277927076e-001

2.86791049603164e+004,-4.75043690958399e+000,-1.27165448781064e-001

2.90794503464061e+004,-4.75044018710821e+000,-1.28938970731315e-001

2.94853843458219e+004,-4.75044355574352e+000,-1.30737180920690e-001

2.98969849726987e+004,-4.75044701799290e+000,-1.32560421081519e-001

3.03143313302078e+004,-4.75045057642664e+000,-1.34409037595404e-001

3.07375036257601e+004,-4.75045423368377e+000,-1.36283381552860e-001

3.11665831864199e+004,-4.75045799247367e+000,-1.38183808816611e-001

3.16016524745350e+004,-4.75046185557809e+000,-1.40110680080284e-001

3.20427951035848e+004,-4.75046582585302e+000,-1.42064360929948e-001

3.24900958542493e+004,-4.75046990623044e+000,-1.44045221907533e-001

3.29436406907028e+004,-4.75047409971988e+000,-1.46053638576205e-001

3.34035167771346e+004,-4.75047840941112e+000,-1.48089991579131e-001

3.38698124945009e+004,-4.75048283847555e+000,-1.50154666708175e-001

3.43426174575100e+004,-4.75048739016819e+000,-1.52248054968513e-001

3.48220225318448e+004,-4.75049206783004e+000,-1.54370552642810e-001

3.53081198516260e+004,-4.75049687489011e+000,-1.56522561358121e-001

3.58010028371187e+004,-4.75050181486740e+000,-1.58704488154183e-001

3.63007662126863e+004,-4.75050689137352e+000,-1.60916745547073e-001

3.68075060249948e+004,-4.75051210811405e+000,-1.63159751605075e-001

3.73213196614721e+004,-4.75051746889181e+000,-1.65433930009418e-001

3.78423058690237e+004,-4.75052297760842e+000,-1.67739710129672e-001

3.83705647730104e+004,-4.75052863826719e+000,-1.70077527089810e-001

3.89061978964912e+004,-4.75053445497502e+000,-1.72447821843362e-001

3.94493081797342e+004,-4.75054043194532e+000,-1.74851041240771e-001

3.99999999999998e+004,-4.75054657349997e+000,-1.77287638104797e-001

4.05583791916010e+004,-4.75055288407225e+000,-1.79758071301885e-001

4.11245530662425e+004,-4.75055936820952e+000,-1.82262805812982e-001

4.16986304336447e+004,-4.75056603057521e+000,-1.84802312812644e-001

4.22807216224550e+004,-4.75057287595237e+000,-1.87377069738012e-001

4.28709385014515e+004,-4.75057990924509e+000,-1.89987560370295e-001

4.34693945010421e+004,-4.75058713548275e+000,-1.92634274903215e-001

4.40762046350642e+004,-4.75059455982131e+000,-1.95317710026882e-001

4.46914855228886e+004,-4.75060218754758e+000,-1.98038368996064e-001

4.53153554118317e+004,-4.75061002408066e+000,-2.00796761716789e-001

4.59479341998812e+004,-4.75061807497580e+000,-2.03593404817118e-001

4.65893434587380e+004,-4.75062634592695e+000,-2.06428821729690e-001

4.72397064571810e+004,-4.75063484276960e+000,-2.09303542769836e-001

4.78991481847569e+004,-4.75064357148422e+000,-2.12218105213115e-001

4.85677953758016e+004,-4.75065253819868e+000,-2.15173053379419e-001

4.92457765337964e+004,-4.75066174919169e+000,-2.18168938710730e-001

4.99332219560642e+004,-4.75067121089572e+000,-2.21206319853156e-001

5.06302637588109e+004,-4.75068092990041e+000,-2.24285762736625e-001

5.13370359025159e+004,-4.75069091295495e+000,-2.27407840662166e-001

5.20536742176771e+004,-4.75070116697211e+000,-2.30573134378036e-001

5.27803164309155e+004,-4.75071169903078e+000,-2.33782232166949e-001

5.35171021914442e+004,-4.75072251637941e+000,-2.37035729928461e-001

5.42641730979066e+004,-4.75073362643894e+000,-2.40334231263067e-001

5.50216727255895e+004,-4.75074503680655e+000,-2.43678347554259e-001

5.57897466540159e+004,-4.75075675525824e+000,-2.47068698056437e-001

5.65685424949235e+004,-4.75076878975208e+000,-2.50505909979441e-001

5.73582099206328e+004,-4.75078114843199e+000,-2.53990618570698e-001

5.81589006928121e+004,-4.75079383963014e+000,-2.57523467205497e-001

5.89707686916437e+004,-4.75080687187075e+000,-2.61105107469385e-001

5.97939699453972e+004,-4.75082025387286e+000,-2.64736199246566e-001

6.06286626604156e+004,-4.75083399455351e+000,-2.68417410806608e-001

6.14750072515201e+004,-4.75084810303102e+000,-2.72149418890027e-001

6.23331663728396e+004,-4.75086258862792e+000,-2.75932908796467e-001

6.32033049490698e+004,-4.75087746087361e+000,-2.79768574474457e-001

6.40855902071694e+004,-4.75089272950793e+000,-2.83657118604810e-001

6.49801917084985e+004,-4.75090840448394e+000,-2.87599252690307e-001

6.58872813814055e+004,-4.75092449597026e+000,-2.91595697145886e-001

6.68070335542691e+004,-4.75094101435435e+000,-2.95647181384758e-001

6.77396249890018e+004,-4.75095797024480e+000,-2.99754443908759e-001

6.86852349150199e+004,-4.75097537447435e+000,-3.03918232394688e-001

6.96440450636895e+004,-4.75099323810169e+000,-3.08139303787048e-001

7.06162397032520e+004,-4.75101157241473e+000,-3.12418424382235e-001

7.16020056742374e+004,-4.75103038893206e+000,-3.16756369921748e-001

7.26015324253724e+004,-4.75104969940517e+000,-3.21153925681284e-001

7.36150120499896e+004,-4.75106951582072e+000,-3.25611886558403e-001

7.46426393229441e+004,-4.75108985040203e+000,-3.30131057163114e-001

7.56846117380472e+004,-4.75111071561101e+000,-3.34712251907093e-001

7.67411295460207e+004,-4.75113212414891e+000,-3.39356295096351e-001

7.78123957929823e+004,-4.75115408895819e+000,-3.44064021018673e-001

7.88986163594682e+004,-4.75117662322354e+000,-3.48836274031993e-001

7.99999999999995e+004,-4.75119974037174e+000,-3.53673908661592e-001

8.11167583832018e+004,-4.75122345407336e+000,-3.58577789683216e-001

8.22491061324848e+004,-4.75124777824213e+000,-3.63548792218046e-001

8.33972608672892e+004,-4.75127272703517e+000,-3.68587801823278e-001

8.45614432449099e+004,-4.75129831485258e+000,-3.73695714582246e-001

8.57418770029029e+004,-4.75132455633696e+000,-3.78873437195702e-001

8.69387890020841e+004,-4.75135146637171e+000,-3.84121887076858e-001

8.81524092701283e+004,-4.75137906008051e+000,-3.89441992438135e-001

8.93829710457770e+004,-4.75140735282496e+000,-3.94834692387603e-001

9.06307108236633e+004,-4.75143636020252e+000,-4.00300937019756e-001

9.18958683997622e+004,-4.75146609804348e+000,-4.05841687512567e-001

9.31786869174758e+004,-4.75149658240872e+000,-4.11457916215146e-001

9.44794129143618e+004,-4.75152782958517e+000,-4.17150606748724e-001

9.57982963695136e+004,-4.75155985608227e+000,-4.22920754097827e-001

9.71355907516031e+004,-4.75159267862723e+000,-4.28769364707737e-001

9.84915530675926e+004,-4.75162631415968e+000,-4.34697456581825e-001

9.98664439121282e+004,-4.75166077982621e+000,-4.40706059377648e-001

1.01260527517622e+005,-4.75169609297339e+000,-4.46796214509978e-001

1.02674071805032e+005,-4.75173227114143e+000,-4.52968975246014e-001

1.04107348435354e+005,-4.75176933205609e+000,-4.59225406810334e-001

1.05560632861831e+005,-4.75180729362012e+000,-4.65566586488291e-001

1.07034204382888e+005,-4.75184617390463e+000,-4.71993603728113e-001

1.08528346195813e+005,-4.75188599113851e+000,-4.78507560251998e-001

1.10043345451179e+005,-4.75192676369858e+000,-4.85109570159353e-001

1.11579493308032e+005,-4.75196851009743e+000,-4.91800760042613e-001

1.13137084989847e+005,-4.75201124897107e+000,-4.98582269100265e-001

1.14716419841265e+005,-4.75205499906640e+000,-5.05455249249021e-001

1.16317801385624e+005,-4.75209977922647e+000,-5.12420865246733e-001

1.17941537383287e+005,-4.75214560837552e+000,-5.19480294814175e-001

1.19587939890794e+005,-4.75219250550314e+000,-5.26634728760225e-001

1.21257325320831e+005,-4.75224048964731e+000,-5.33885371110676e-001

1.22950014503040e+005,-4.75228957987607e+000,-5.41233439244060e-001

1.24666332745679e+005,-4.75233979526907e+000,-5.48680164025780e-001

1.26406609898139e+005,-4.75239115489664e+000,-5.56226789956228e-001

1.28171180414339e+005,-4.75244367779940e+000,-5.63874575314025e-001

1.29960383416997e+005,-4.75249738296555e+000,-5.71624792310781e-001

1.31774562762811e+005,-4.75255228930743e+000,-5.79478727251237e-001

1.33614067108538e+005,-4.75260841563690e+000,-5.87437680698815e-001

1.35479249978003e+005,-4.75266578063989e+000,-5.95502967645675e-001

1.37370469830040e+005,-4.75272440284926e+000,-6.03675917694161e-001

1.39288090127379e+005,-4.75278430061657e+000,-6.11957875243567e-001

1.41232479406504e+005,-4.75284549208302e+000,-6.20350199684734e-001

1.43204011348474e+005,-4.75290799514861e+000,-6.28854265605192e-001

1.45203064850745e+005,-4.75297182744078e+000,-6.37471463000526e-001

1.47230024099979e+005,-4.75303700628128e+000,-6.46203197497757e-001

1.49285278645888e+005,-4.75310354865191e+000,-6.55050890589467e-001

1.51369223476094e+005,-4.75317147115949e+000,-6.64015979875694e-001

1.53482259092041e+005,-4.75324078999882e+000,-6.73099919321888e-001

1.55624791585964e+005,-4.75331152091558e+000,-6.82304179523451e-001

1.57797232718936e+005,-4.75338367916731e+000,-6.91630247986309e-001

1.59999999999999e+005,-4.75345727948313e+000,-7.01079629422493e-001

1.62233516766403e+005,-4.75353233602316e+000,-7.10653846053647e-001

1.64498212264969e+005,-4.75360886233630e+000,-7.20354437934421e-001

1.66794521734578e+005,-4.75368687131691e+000,-7.30182963290009e-001

1.69122886489819e+005,-4.75376637516114e+000,-7.40140998865899e-001

1.71483754005805e+005,-4.75384738532182e+000,-7.50230140299015e-001

1.73877578004168e+005,-4.75392991246266e+000,-7.60452002502298e-001

1.76304818540256e+005,-4.75401396641194e+000,-7.70808220067853e-001

1.78765942091554e+005,-4.75409955611496e+000,-7.81300447689928e-001

1.81261421647326e+005,-4.75418668958653e+000,-7.91930360603949e-001

1.83791736799524e+005,-4.75427537386235e+000,-8.02699655047896e-001

1.86357373834951e+005,-4.75436561495052e+000,-8.13610048740815e-001

1.88958825828723e+005,-4.75445741778232e+000,-8.24663281383439e-001

1.91596592739027e+005,-4.75455078616289e+000,-8.35861115180850e-001

1.94271181503206e+005,-4.75464572272167e+000,-8.47205335385540e-001

1.96983106135185e+005,-4.75474222886348e+000,-8.58697750860700e-001

1.99732887824256e+005,-4.75484030471890e+000,-8.70340194669595e-001

2.02521055035243e+005,-4.75493994909564e+000,-8.82134524684628e-001

2.05348143610063e+005,-4.75504115942998e+000,-8.94082624220677e-001

2.08214696870707e+005,-4.75514393173864e+000,-9.06186402693931e-001

2.11121265723661e+005,-4.75524826057220e+000,-9.18447796298527e-001

2.14068408765776e+005,-4.75535413896819e+000,-9.30868768714551e-001

2.17056692391625e+005,-4.75546155840649e+000,-9.43451311832818e-001

2.20086690902357e+005,-4.75557050876499e+000,-9.56197446508994e-001

2.23158986616063e+005,-4.75568097827724e+000,-9.69109223337525e-001

2.26274169979693e+005,-4.75579295349133e+000,-9.82188723452678e-001

2.29432839682530e+005,-4.75590641923081e+000,-9.95438059349996e-001

2.32635602771247e+005,-4.75602135855721e+000,-1.00885937573383e+000

2.35883074766574e+005,-4.75613775273485e+000,-1.02245485038635e+000

2.39175879781588e+005,-4.75625558119807e+000,-1.03622669505782e+000

2.42514650641661e+005,-4.75637482152051e+000,-1.05017715638257e+000

2.45900029006080e+005,-4.75649544938721e+000,-1.06430851681301e+000

2.49332665491357e+005,-4.75661743856986e+000,-1.07862309557485e+000

2.52813219796278e+005,-4.75674076090420e+000,-1.09312324964409e+000

2.56342360828676e+005,-4.75686538627125e+000,-1.10781137474098e+000

2.59920766833993e+005,-4.75699128258144e+000,-1.12268990634392e+000

2.63549125525621e+005,-4.75711841576226e+000,-1.13776132071835e+000

2.67228134217075e+005,-4.75724674974948e+000,-1.15302813596320e+000

2.70958499956006e+005,-4.75737624648158e+000,-1.16849291307310e+000

2.74740939660078e+005,-4.75750686589884e+000,-1.18415825701015e+000

2.78576180254757e+005,-4.75763856594540e+000,-1.20002681779253e+000

2.82464958813007e+005,-4.75777130257574e+000,-1.21610129159137e+000

2.86408022696948e+005,-4.75790502976513e+000,-1.23238442183688e+000

2.90406129701488e+005,-4.75803969952409e+000,-1.24887900033306e+000

2.94460048199957e+005,-4.75817526191705e+000,-1.26558786837798e+000

2.98570557291775e+005,-4.75831166508491e+000,-1.28251391789044e+000

3.02738446952187e+005,-4.75844885527209e+000,-1.29966009253664e+000

3.06964518184081e+005,-4.75858677685769e+000,-1.31702938886003e+000

3.11249583171928e+005,-4.75872537239034e+000,-1.33462485741171e+000

3.15594465437872e+005,-4.75886458262747e+000,-1.35244960387683e+000

3.19999999999997e+005,-4.75900434657877e+000,-1.37050679019719e+000

3.24467033532806e+005,-4.75914460155270e+000,-1.38879963569200e+000

3.28996424529938e+005,-4.75928528320788e+000,-1.40733141816648e+000

3.33589043469155e+005,-4.75942632560732e+000,-1.42610547501534e+000

3.38245772979638e+005,-4.75956766127631e+000,-1.44512520431647e+000

3.42967508011610e+005,-4.75970922126395e+000,-1.46439406590971e+000

3.47755156008335e+005,-4.75985093520761e+000,-1.48391558246629e+000

3.52609637080511e+005,-4.75999273140021e+000,-1.50369334054116e+000

3.57531884183106e+005,-4.76013453686051e+000,-1.52373099161132e+000

3.62522843294651e+005,-4.76027627740545e+000,-1.54403225309729e+000

3.67583473599047e+005,-4.76041787772545e+000,-1.56460090936402e+000

3.72714747669902e+005,-4.76055926146073e+000,-1.58544081270794e+000

3.77917651657445e+005,-4.76070035128019e+000,-1.60655588431857e+000

3.83193185478053e+005,-4.76084106896095e+000,-1.62795011522506e+000

3.88542363006410e+005,-4.76098133546974e+000,-1.64962756721690e+000

3.93966212270369e+005,-4.76112107104418e+000,-1.67159237374829e+000

3.99465775648511e+005,-4.76126019527534e+000,-1.69384874081614e+000

4.05042110070485e+005,-4.76139862719003e+000,-1.71640094781912e+000

4.10696287220124e+005,-4.76153628533283e+000,-1.73925334839479e+000

4.16429393741414e+005,-4.76167308784815e+000,-1.76241037123208e+000

4.22242531447321e+005,-4.76180895256063e+000,-1.78587652086794e+000

4.28136817531551e+005,-4.76194379705512e+000,-1.80965637845753e+000

4.34113384783250e+005,-4.76207753875508e+000,-1.83375460252618e+000

4.40173381804713e+005,-4.76221009499867e+000,-1.85817592970389e+000

4.46317973232124e+005,-4.76234138311343e+000,-1.88292517543735e+000

4.52548339959385e+005,-4.76247132048810e+000,-1.90800723468718e+000

4.58865679365059e+005,-4.76259982464214e+000,-1.93342708260674e+000

4.65271205542494e+005,-4.76272681329187e+000,-1.95918977520737e+000

4.71766149533147e+005,-4.76285220441389e+000,-1.98530045000786e+000

4.78351759563174e+005,-4.76297591630455e+000,-2.01176432667334e+000

4.85029301283321e+005,-4.76309786763621e+000,-2.03858670764140e+000

4.91800058012158e+005,-4.76321797750918e+000,-2.06577297874155e+000

4.98665330982714e+005,-4.76333616549984e+000,-2.09332860980391e+000

5.05626439592555e+005,-4.76345235170411e+000,-2.12125915526720e+000

5.12684721657352e+005,-4.76356645677718e+000,-2.14957025477638e+000

5.19841533667984e+005,-4.76367840196764e+000,-2.17826763378629e+000

5.27098251051240e+005,-4.76378810914776e+000,-2.20735710415874e+000

5.34456268434150e+005,-4.76389550083852e+000,-2.23684456476593e+000

5.41916999912011e+005,-4.76400050022952e+000,-2.26673600209798e+000

5.49481879320155e+005,-4.76410303119459e+000,-2.29703749087421e+000

5.57152360509512e+005,-4.76420301830151e+000,-2.32775519466631e+000

5.64929917626012e+005,-4.76430038681732e+000,-2.35889536652925e+000

5.72816045393895e+005,-4.76439506270823e+000,-2.39046434964563e+000

5.80812259402975e+005,-4.76448697263437e+000,-2.42246857798607e+000

5.88920096399912e+005,-4.76457604393977e+000,-2.45491457698309e+000

5.97141114583549e+005,-4.76466220463696e+000,-2.48780896422612e+000

6.05476893904373e+005,-4.76474538338681e+000,-2.52115845017560e+000

6.13929036368161e+005,-4.76482550947359e+000,-2.55496983889767e+000

6.22499166343855e+005,-4.76490251277456e+000,-2.58925002882670e+000

6.31188930875742e+005,-4.76497632372558e+000,-2.62400601354957e+000

6.39999999999992e+005,-4.76504687328162e+000,-2.65924488261837e+000

6.48934067065610e+005,-4.76511409287279e+000,-2.69497382239255e+000

6.57992849059874e+005,-4.76517791435589e+000,-2.73120011691082e+000

6.67178086938309e+005,-4.76523826996190e+000,-2.76793114879392e+000

6.76491545959274e+005,-4.76529509223907e+000,-2.80517440018108e+000

6.85935016023218e+005,-4.76534831399185e+000,-2.84293745370147e+000

6.95510312016668e+005,-4.76539786821642e+000,-2.88122799347802e+000

7.05219274161021e+005,-4.76544368803194e+000,-2.92005380617144e+000

7.15063768366211e+005,-4.76548570660843e+000,-2.95942278205898e+000

7.25045686589301e+005,-4.76552385709133e+000,-2.99934291615188e+000

7.35166947198092e+005,-4.76555807252239e+000,-3.03982230935278e+000

7.45429495339801e+005,-4.76558828575788e+000,-3.08086916965167e+000

7.55835303314889e+005,-4.76561442938313e+000,-3.12249181336471e+000

7.66386370956104e+005,-4.76563643562488e+000,-3.16469866641129e+000

7.77084726012819e+005,-4.76565423626052e+000,-3.20749826563456e+000

7.87932424540735e+005,-4.76566776252475e+000,-3.25089926016369e+000

7.98931551297020e+005,-4.76567694501363e+000,-3.29491041282005e+000

8.10084220140968e+005,-4.76568171358689e+000,-3.33954060156289e+000

8.21392574440247e+005,-4.76568199726708e+000,-3.38479882098287e+000

8.32858787482825e+005,-4.76567772413732e+000,-3.43069418383536e+000

8.44485062894640e+005,-4.76566882123692e+000,-3.47723592261988e+000

8.56273635063099e+005,-4.76565521445465e+000,-3.52443339120243e+000

8.68226769566497e+005,-4.76563682842077e+000,-3.57229606648189e+000

8.80346763609423e+005,-4.76561358639684e+000,-3.62083355010185e+000

8.92635946464246e+005,-4.76558541016421e+000,-3.67005557020496e+000

9.05096679918768e+005,-4.76555221991062e+000,-3.71997198323351e+000

9.17731358730116e+005,-4.76551393411540e+000,-3.77059277577339e+000

9.30542411084985e+005,-4.76547046943336e+000,-3.82192806644228e+000

9.43532299066291e+005,-4.76542174057669e+000,-3.87398810782417e+000

9.56703519126347e+005,-4.76536766019602e+000,-3.92678328844623e+000

9.70058602566640e+005,-4.76530813875971e+000,-3.98032413480208e+000

9.83600116024313e+005,-4.76524308443197e+000,-4.03462131341872e+000

9.97330661965425e+005,-4.76517240294946e+000,-4.08968563296848e+000

1.01125287918511e+006,-4.76509599749668e+000,-4.14552804642558e+000

1.02536944331470e+006,-4.76501376857979e+000,-4.20215965326801e+000

1.03968306733597e+006,-4.76492561389921e+000,-4.25959170172357e+000

1.05419650210248e+006,-4.76483142822075e+000,-4.31783559106136e+000

1.06891253686830e+006,-4.76473110324527e+000,-4.37690287392832e+000

1.08383399982402e+006,-4.76462452747691e+000,-4.43680525873048e+000

1.09896375864031e+006,-4.76451158608978e+000,-4.49755461206067e+000

1.11430472101902e+006,-4.76439216079315e+000,-4.55916296117049e+000

1.12985983525202e+006,-4.76426612969485e+000,-4.62164249648926e+000

1.14563209078779e+006,-4.76413336716312e+000,-4.68500557418872e+000

1.16162451880595e+006,-4.76399374368679e+000,-4.74926471879285e+000

1.17784019279982e+006,-4.76384712573335e+000,-4.81443262583683e+000

1.19428222916709e+006,-4.76369337560543e+000,-4.88052216457031e+000

1.21095378780874e+006,-4.76353235129505e+000,-4.94754638071029e+000

1.22785807273632e+006,-4.76336390633607e+000,-5.01551849924024e+000

1.24499833268771e+006,-4.76318788965399e+000,-5.08445192725897e+000

1.26237786175148e+006,-4.76300414541409e+000,-5.15436025687683e+000

1.27999999999998e+006,-4.76281251286671e+000,-5.22525726816267e+000

1.29786813413122e+006,-4.76261282619026e+000,-5.29715693214012e+000

1.31598569811974e+006,-4.76240491433169e+000,-5.37007341383465e+000

1.33435617387661e+006,-4.76218860084403e+000,-5.44402107537206e+000

1.35298309191855e+006,-4.76196370372137e+000,-5.51901447912860e+000

1.37187003204643e+006,-4.76173003523068e+000,-5.59506839093522e+000

1.39102062403333e+006,-4.76148740174072e+000,-5.67219778333405e+000

1.41043854832204e+006,-4.76123560354759e+000,-5.75041783889021e+000

1.43012753673242e+006,-4.76097443469710e+000,-5.82974395355952e+000

1.45009137317860e+006,-4.76070368280359e+000,-5.91019174011185e+000

1.47033389439618e+006,-4.76042312886507e+000,-5.99177703161284e+000

1.49085899067960e+006,-4.76013254707478e+000,-6.07451588496395e+000

1.51167060662977e+006,-4.75983170462875e+000,-6.15842458450221e+000

1.53277274191220e+006,-4.75952036152926e+000,-6.24351964566148e+000

1.55416945202563e+006,-4.75919827038433e+000,-6.32981781869506e+000

1.57586484908147e+006,-4.75886517620262e+000,-6.41733609246281e+000

1.59786310259404e+006,-4.75852081618401e+000,-6.50609169828288e+000

1.62016844028193e+006,-4.75816491950545e+000,-6.59610211384960e+000

1.64278514888049e+006,-4.75779720710204e+000,-6.68738506721921e+000

1.66571757496565e+006,-4.75741739144322e+000,-6.77995854086529e+000

1.68897012578928e+006,-4.75702517630350e+000,-6.87384077580541e+000

1.71254727012620e+006,-4.75662025652842e+000,-6.96905027579945e+000

1.73645353913299e+006,-4.75620231779465e+000,-7.06560581162365e+000

1.76069352721884e+006,-4.75577103636457e+000,-7.16352642541930e+000

1.78527189292849e+006,-4.75532607883508e+000,-7.26283143512146e+000

1.81019335983753e+006,-4.75486710188046e+000,-7.36354043896605e+000

1.83546271746023e+006,-4.75439375198906e+000,-7.46567332007921e+000

1.86108482216997e+006,-4.75390566519365e+000,-7.56925025115194e+000

1.88706459813258e+006,-4.75340246679520e+000,-7.67429169919987e+000

1.91340703825269e+006,-4.75288377108026e+000,-7.78081843041134e+000

1.94011720513328e+006,-4.75234918103101e+000,-7.88885151508786e+000

1.96720023204862e+006,-4.75179828802889e+000,-7.99841233267577e+000

1.99466132393085e+006,-4.75123067155037e+000,-8.10952257689542e+000

2.02250575837021e+006,-4.75064589885575e+000,-8.22220426096702e+000

2.05073888662940e+006,-4.75004352467012e+000,-8.33647972293926e+000

2.07936613467193e+006,-4.74942309085677e+000,-8.45237163111943e+000

2.10839300420495e+006,-4.74878412608232e+000,-8.56990298961202e+000

2.13782507373659e+006,-4.74812614547401e+000,-8.68909714396577e+000

2.16766799964803e+006,-4.74744865026827e+000,-8.80997778693370e+000

2.19792751728061e+006,-4.74675112745120e+000,-8.93256896434824e+000

2.22860944203804e+006,-4.74603304938975e+000,-9.05689508111653e+000

2.25971967050404e+006,-4.74529387345451e+000,-9.18298090733638e+000

2.29126418157557e+006,-4.74453304163315e+000,-9.31085158453934e+000

2.32324903761189e+006,-4.74374998013419e+000,-9.44053263206341e+000

2.35568038559964e+006,-4.74294409898204e+000,-9.57204995355747e+000

2.38856445833418e+006,-4.74211479160151e+000,-9.70542984362446e+000

2.42190757561748e+006,-4.74126143439311e+000,-9.84069899460423e+000

2.45571614547263e+006,-4.74038338629763e+000,-9.97788450350328e+000

2.48999666537541e+006,-4.73947998835113e+000,-1.01170138790720e+001

2.52475572350295e+006,-4.73855056322871e+000,-1.02581150490377e+001

2.55999999999995e+006,-4.73759441477833e+000,-1.04012163674951e+001

2.59573626826243e+006,-4.73661082754331e+000,-1.05463466224607e+001

2.63197139623948e+006,-4.73559906627408e+000,-1.06935350435950e+001

2.66871234775322e+006,-4.73455837542862e+000,-1.08428113100985e+001

2.70596618383708e+006,-4.73348797866159e+000,-1.09942055587861e+001

2.74374006409286e+006,-4.73238707830181e+000,-1.11477483923457e+001

2.78204124806666e+006,-4.73125485481839e+000,-1.13034708877863e+001

2.82087709664407e+006,-4.73009046627444e+000,-1.14614046050826e+001

2.86025507346483e+006,-4.72889304776939e+000,-1.16215815960197e+001

2.90018274635719e+006,-4.72766171086868e+000,-1.17840344132479e+001

2.94066778879236e+006,-4.72639554302144e+000,-1.19487961195498e+001

2.98171798135919e+006,-4.72509360696575e+000,-1.21159002973306e+001

3.02334121325954e+006,-4.72375494012122e+000,-1.22853810583352e+001

3.06554548382440e+006,-4.72237855396913e+000,-1.24572730536011e+001

3.10833890405126e+006,-4.72096343341962e+000,-1.26316114836553e+001

3.15172969816293e+006,-4.71950853616641e+000,-1.28084321089600e+001

3.19572620518807e+006,-4.71801279202837e+000,-1.29877712606185e+001

3.24033688056386e+006,-4.71647510227819e+000,-1.31696658513476e+001

3.28557029776097e+006,-4.71489433895839e+000,-1.33541533867254e+001

3.33143514993129e+006,-4.71326934418402e+000,-1.35412719767244e+001

3.37794025157855e+006,-4.71159892943259e+000,-1.37310603475378e+001

3.42509454025238e+006,-4.70988187482118e+000,-1.39235578537092e+001

3.47290707826598e+006,-4.70811692837039e+000,-1.41188044905759e+001

3.52138705443768e+006,-4.70630280525585e+000,-1.43168409070355e+001

3.57054378585697e+006,-4.70443818704686e+000,-1.45177084186467e+001

3.62038671967506e+006,-4.70252172093257e+000,-1.47214490210756e+001

3.67092543492045e+006,-4.70055201893583e+000,-1.49281054038984e+001

3.72216964433992e+006,-4.69852765711479e+000,-1.51377209647720e+001

3.77412919626515e+006,-4.69644717475291e+000,-1.53503398239862e+001

3.82681407650537e+006,-4.69430907353702e+000,-1.55660068394082e+001

3.88023441026655e+006,-4.69211181672441e+000,-1.57847676218344e+001

3.93440046409724e+006,-4.68985382829897e+000,-1.60066685507608e+001

3.98932264786168e+006,-4.68753349211697e+000,-1.62317567905891e+001

4.04501151674041e+006,-4.68514915104276e+000,-1.64600803072794e+001

4.10147777325879e+006,-4.68269910607548e+000,-1.66916878854673e+001

4.15873226934385e+006,-4.68018161546656e+000,-1.69266291460608e+001

4.21678600840989e+006,-4.67759489382985e+000,-1.71649545643300e+001

4.27565014747317e+006,-4.67493711124383e+000,-1.74067154885109e+001

4.33533599929606e+006,-4.67220639234789e+000,-1.76519641589364e+001

4.39585503456121e+006,-4.66940081543310e+000,-1.79007537277144e+001

4.45721888407607e+006,-4.66651841152839e+000,-1.81531382789713e+001

4.51943934100807e+006,-4.66355716348371e+000,-1.84091728496784e+001

4.58252836315113e+006,-4.66051500505101e+000,-1.86689134510830e+001

4.64649807522377e+006,-4.65738981996475e+000,-1.89324170907614e+001

4.71136077119927e+006,-4.65417944102292e+000,-1.91997417953187e+001

4.77712891666836e+006,-4.65088164917088e+000,-1.94709466337525e+001

4.84381515123496e+006,-4.64749417258925e+000,-1.97460917415064e+001

4.91143229094526e+006,-4.64401468578779e+000,-2.00252383452337e+001

4.97999333075080e+006,-4.64044080870779e+000,-2.03084487882961e+001

5.04951144700590e+006,-4.63677010583446e+000,-2.05957865570216e+001

5.11999999999990e+006,-4.63300008532260e+000,-2.08873163077463e+001

5.19147253652485e+006,-4.62912819813746e+000,-2.11831038946661e+001

5.26394279247896e+006,-4.62515183721396e+000,-2.14832163985237e+001

5.33742469550644e+006,-4.62106833663746e+000,-2.17877221561606e+001

5.41193236767416e+006,-4.61687497084877e+000,-2.20966907909594e+001

5.48748012818571e+006,-4.61256895387795e+000,-2.24101932442061e+001

5.56408249613331e+006,-4.60814743860937e+000,-2.27283018074022e+001

5.64175419328813e+006,-4.60360751608363e+000,-2.30510901555560e+001

5.72051014692965e+006,-4.59894621483954e+000,-2.33786333814844e+001

5.80036549271437e+006,-4.59416050030134e+000,-2.37110080311563e+001

5.88133557758470e+006,-4.58924727421670e+000,-2.40482921401100e+001

5.96343596271837e+006,-4.58420337414999e+000,-2.43905652709775e+001

6.04668242651907e+006,-4.57902557303754e+000,-2.47379085521489e+001

6.13109096764879e+006,-4.57371057881065e+000,-2.50904047176106e+001

6.21667780810251e+006,-4.56825503409335e+000,-2.54481381479926e+001

6.30345939632584e+006,-4.56265551598202e+000,-2.58111949128594e+001

6.39145241037612e+006,-4.55690853591415e+000,-2.61796628142793e+001

6.48067376112770e+006,-4.55101053963536e+000,-2.65536314317086e+001

6.57114059552193e+006,-4.54495790727263e+000,-2.69331921682269e+001

6.66287029986256e+006,-4.53874695352340e+000,-2.73184382981580e+001

6.75588050315708e+006,-4.53237392797079e+000,-2.77094650161140e+001

6.85018908050475e+006,-4.52583501553541e+000,-2.81063694874981e+001

6.94581415653194e+006,-4.51912633707516e+000,-2.85092509005012e+001

7.04277410887534e+006,-4.51224395014537e+000,-2.89182105196285e+001

7.14108757171393e+006,-4.50518384993216e+000,-2.93333517407903e+001

7.24077343935009e+006,-4.49794197037283e+000,-2.97547801479907e+001

7.34185086984088e+006,-4.49051418547809e+000,-3.01826035716467e+001

7.44433928867983e+006,-4.48289631087182e+000,-3.06169321485708e+001

7.54825839253028e+006,-4.47508410556472e+000,-3.10578783836442e+001

7.65362815301072e+006,-4.46707327398039e+000,-3.15055572132112e+001

7.76046882053307e+006,-4.45885946825157e+000,-3.19600860702184e+001

7.86880092819446e+006,-4.45043829080762e+000,-3.24215849511224e+001

7.97864529572335e+006,-4.44180529727371e+000,-3.28901764845859e+001

8.09002303348081e+006,-4.43295599970476e+000,-3.33659860019768e+001

8.20295554651756e+006,-4.42388587017796e+000,-3.38491416096842e+001

8.31746453868768e+006,-4.41459034476889e+000,-3.43397742632565e+001

8.43357201681977e+006,-4.40506482793850e+000,-3.48380178433630e+001

8.55130029494632e+006,-4.39530469735915e+000,-3.53440092335756e+001

8.67067199859209e+006,-4.38530530920963e+000,-3.58578883999567e+001

8.79171006912241e+006,-4.37506200397112e+000,-3.63797984724350e+001

8.91443776815212e+006,-4.36457011275733e+000,-3.69098858279391e+001

9.03887868201611e+006,-4.35382496421442e+000,-3.74483001752506e+001

9.16505672630224e+006,-4.34282189202746e+000,-3.79951946415263e+001

9.29299615044753e+006,-4.33155624307324e+000,-3.85507258604271e+001

9.42272154239852e+006,-4.32002338625995e+000,-3.91150540617757e+001

9.55425783333670e+006,-4.30821872209741e+000,-3.96883431626528e+001

9.68763030246989e+006,-4.29613769304305e+000,-4.02707608598205e+001

9.82286458189050e+006,-4.28377579467106e+000,-4.08624787233462e+001

9.95998666150159e+006,-4.27112858771456e+000,-4.14636722912755e+001

1.00990228940118e+007,-4.25819171103237e+000,-4.20745211651844e+001

1.02399999999998e+007,-4.24496089555477e+000,-4.26952091064099e+001

1.03829450730497e+007,-4.23143197926379e+000,-4.33259241327338e+001

1.05278855849579e+007,-4.21760092326727e+000,-4.39668586152635e+001

1.06748493910128e+007,-4.20346382902571e+000,-4.46182093752183e+001

1.08238647353483e+007,-4.18901695679570e+000,-4.52801777802935e+001

1.09749602563714e+007,-4.17425674535242e+000,-4.59529698402346e+001

1.11281649922666e+007,-4.15917983305829e+000,-4.66367963012108e+001

1.12835083865762e+007,-4.14378308034385e+000,-4.73318727385259e+001

1.14410202938593e+007,-4.12806359366977e+000,-4.80384196471572e+001

1.16007309854287e+007,-4.11201875103867e+000,-4.87566625295543e+001

1.17626711551694e+007,-4.09564622912653e+000,-4.94868319800674e+001

1.19268719254367e+007,-4.07894403210291e+000,-5.02291637653136e+001

1.20933648530381e+007,-4.06191052220859e+000,-5.09838988997125e+001

1.22621819352976e+007,-4.04454445215872e+000,-5.17512837153531e+001

1.24333556162050e+007,-4.02684499943630e+000,-5.25315699252665e+001

1.26069187926517e+007,-4.00881180253874e+000,-5.33250146790961e+001

1.27829048207522e+007,-3.99044499923609e+000,-5.41318806100603e+001

1.29613475222554e+007,-3.97174526689399e+000,-5.49524358720080e+001

1.31422811910438e+007,-3.95271386490878e+000,-5.57869541652592e+001

1.33257405997251e+007,-3.93335267929284e+000,-5.66357147498149e+001

1.35117610063141e+007,-3.91366426944013e+000,-5.74990024444034e+001

1.37003781610095e+007,-3.89365191708853e+000,-5.83771076097124e+001

1.38916283130638e+007,-3.87331967748324e+000,-5.92703261140256e+001

1.40855482177507e+007,-3.85267243272820e+000,-6.01789592793599e+001

1.42821751434278e+007,-3.83171594729395e+000,-6.11033138060601e+001

1.44815468787002e+007,-3.81045692562865e+000,-6.20437016736796e+001

1.46837017396817e+007,-3.78890307179315e+000,-6.30004400158364e+001

1.48886785773596e+007,-3.76706315101289e+000,-6.39738509666001e+001

1.50965167850605e+007,-3.74494705300662e+000,-6.49642614758389e+001

1.53072563060214e+007,-3.72256585691468e+000,-6.59720030908234e+001

1.55209376410661e+007,-3.69993189760884e+000,-6.69974117012746e+001

1.57376018563889e+007,-3.67705883311947e+000,-6.80408272449316e+001

1.59572905914467e+007,-3.65396171286347e+000,-6.91025933706326e+001

1.61800460669616e+007,-3.63065704630179e+000,-7.01830570558264e+001

1.64059110930351e+007,-3.60716287159142e+000,-7.12825681753973e+001

1.66349290773753e+007,-3.58349882372942e+000,-7.24014790186647e+001

1.68671440336395e+007,-3.55968620161381e+000,-7.35401437514540e+001

1.71026005898926e+007,-3.53574803336520e+000,-7.46989178202007e+001

1.73413439971842e+007,-3.51170913916990e+000,-7.58781572951753e+001

1.75834201382448e+007,-3.48759619081367e+000,-7.70782181501036e+001

1.78288755363042e+007,-3.46343776698176e+000,-7.82994554757118e+001

1.80777573640322e+007,-3.43926440330114e+000,-7.95422226250654e+001

1.83301134526044e+007,-3.41510863599917e+000,-8.08068702889945e+001

1.85859923008950e+007,-3.39100503795000e+000,-8.20937455004303e+001

1.88454430847970e+007,-3.36699024577520e+000,-8.34031905671162e+001

1.91085156666734e+007,-3.34310297656390e+000,-8.47355419329162e+001

1.93752606049397e+007,-3.31938403267838e+000,-8.60911289688356e+001

1.96457291637810e+007,-3.29587629302180e+000,-8.74702726958978e+001

1.99199733230031e+007,-3.27262468906046e+000,-8.88732844431950e+001

2.01980457880235e+007,-3.24967616382718e+000,-9.03004644457529e+001

2.04799999999995e+007,-3.22707961208032e+000,-9.17521003883236e+001

2.07658901460993e+007,-3.20488579976418e+000,-9.32284659028402e+001

2.10557711699157e+007,-3.18314726091371e+000,-9.47298190290282e+001

2.13496987820257e+007,-3.16191817017521e+000,-9.62564006495612e+001

2.16477294706965e+007,-3.14125418917967e+000,-9.78084329131466e+001

2.19499205127428e+007,-3.12121228511075e+000,-9.93861176610176e+001

2.22563299845331e+007,-3.10185051996436e+000,-1.00989634874450e+002

2.25670167731524e+007,-3.08322780919771e+000,-1.02619141163077e+002

2.28820405877185e+007,-3.06540364872655e+000,-1.04274768315905e+002

2.32014619708574e+007,-3.04843780954432e+000,-1.05956621938967e+002

2.35253423103387e+007,-3.03238999961314e+000,-1.07664780205447e+002

2.38537438508734e+007,-3.01731949311356e+000,-1.09399292745755e+002

2.41867297060762e+007,-3.00328472763317e+000,-1.11160179706436e+002

2.45243638705951e+007,-2.99034287042651e+000,-1.12947431007787e+002

2.48667112324099e+007,-2.97854935547597e+000,-1.14761005830601e+002

2.52138375853033e+007,-2.96795739372592e+000,-1.16600832362501e+002

2.55658096415044e+007,-2.95861745953206e+000,-1.18466807833760e+002

2.59226950445107e+007,-2.95057675705864e+000,-1.20358798871282e+002

2.62845623820876e+007,-2.94387867104279e+000,-1.22276642197469e+002

2.66514811994501e+007,-2.93856220702157e+000,-1.24220145698089e+002

2.70235220126282e+007,-2.93466142675391e+000,-1.26189089879794e+002

2.74007563220189e+007,-2.93220488514969e+000,-1.28183229733856e+002

2.77832566261276e+007,-2.93121507552448e+000,-1.30202297017845e+002

2.81710964355012e+007,-2.93170789040342e+000,-1.32246002961546e+002

2.85643502868556e+007,-2.93369210539022e+000,-1.34314041397457e+002

2.89630937574003e+007,-2.93716889377507e+000,-1.36406092309894e+002

2.93674034793634e+007,-2.94213137957075e+000,-1.38521825790130e+002

2.97773571547192e+007,-2.94856423652849e+000,-1.40660906378359e+002

3.01930335701210e+007,-2.95644334039154e+000,-1.42822997766757e+002

3.06145126120428e+007,-2.96573548119973e+000,-1.45007767831683e+002

3.10418752821322e+007,-2.97639814186988e+000,-1.47214893957329e+002

3.14752037127777e+007,-2.98837934855950e+000,-1.49444068608088e+002

3.19145811828933e+007,-3.00161759749791e+000,-1.51695005102647e+002

3.23600921339231e+007,-3.01604186206189e+000,-1.53967443539536e+002

3.28118221860701e+007,-3.03157168291636e+000,-1.56261156821629e+002

3.32698581547506e+007,-3.04811734306144e+000,-1.58575956725907e+002

3.37342880672789e+007,-3.06558012866703e+000,-1.60911699964733e+002

3.42052011797851e+007,-3.08385267565922e+000,-1.63268294185856e+002

3.46826879943682e+007,-3.10281940119293e+000,-1.65645703860261e+002

3.51668402764895e+007,-3.12235701841910e+000,-1.68043956009700e+002

3.56577510726083e+007,-3.14233513236904e+000,-1.70463145729084e+002

3.61555147280643e+007,-3.16261691434207e+000,-1.72903441462659e+002

3.66602269052088e+007,-3.18305985191498e+000,-1.75365089996800e+002

3.71719846017899e+007,-3.20351657159517e+000,-1.77848421136090e+002

3.76908861695939e+007,-3.22383573120972e+000,1.79646147967185e+002

3.82170313333466e+007,-3.24386297935477e+000,1.77118108857172e+002

3.87505212098794e+007,-3.26344197960096e+000,1.74566858217335e+002

3.92914583275618e+007,-3.28241549763603e+000,1.71991694736439e+002

3.98399466460062e+007,-3.30062655009515e+000,1.69391816422615e+002

4.03960915760469e+007,-3.31791961443809e+000,1.66766318392719e+002

4.09599999999989e+007,-3.33414189983281e+000,1.64114191168260e+002

4.15317802921985e+007,-3.34914467954256e+000,1.61434319515137e+002

4.21115423398314e+007,-3.36278468572096e+000,1.58725481872519e+002

4.26993975640512e+007,-3.37492556772381e+000,1.55986350426359e+002

4.32954589413930e+007,-3.38543941496636e+000,1.53215491895402e+002

4.38998410254854e+007,-3.39420834489225e+000,1.50411369111889e+002

4.45126599690662e+007,-3.40112615567436e+000,1.47572343495480e+002

4.51340335463048e+007,-3.40610004171900e+000,1.44696678536738e+002

4.57640811754369e+007,-3.40905236776757e+000,1.41782544425506e+002

4.64029239417147e+007,-3.40992249424449e+000,1.38828023978884e+002

4.70506846206773e+007,-3.40866864235081e+000,1.35831120042369e+002

4.77074877017467e+007,-3.40526978210231e+000,1.32789764554732e+002

4.83734594121523e+007,-3.39972751993797e+000,1.29701829480742e+002

4.90487277411900e+007,-3.39206795457557e+000,1.26565139823633e+002

4.97334224648198e+007,-3.38234346041927e+000,1.23377488928722e+002

5.04276751706064e+007,-3.37063434705374e+000,1.20136656277453e+002

5.11316192830087e+007,-3.35705033133731e+000,1.16840427943696e+002

5.18453900890213e+007,-3.34173174563187e+000,1.13486619837151e+002

5.25691247641751e+007,-3.32485039228556e+000,1.10073103787652e+002

5.33029623989002e+007,-3.30660994138193e+000,1.06597836424811e+002

5.40470440252563e+007,-3.28724575704949e+000,1.03058890675784e+002

5.48015126440377e+007,-3.26702402868239e+000,9.94544895375150e+001

5.55665132522551e+007,-3.24624007898669e+000,9.57830415782139e+001

5.63421928710024e+007,-3.22521572284115e+000,9.20431773887244e+001

5.71287005737111e+007,-3.20429556173547e+000,8.82337859450165e+001

5.79261875148004e+007,-3.18384212018059e+000,8.43540495707074e+001

5.87348069587267e+007,-3.16422976484344e+000,8.04034759218348e+001

5.95547143094383e+007,-3.14583739542633e+000,7.63819251798725e+001

6.03860671402418e+007,-3.12903995859509e+000,7.22896304634043e+001

6.12290252240854e+007,-3.11419891112820e+000,6.81272093875152e+001

6.20837505642642e+007,-3.10165184261242e+000,6.38956647463369e+001

6.29504074255552e+007,-3.09170155611524e+000,5.95963724969328e+001

6.38291623657864e+007,-3.08460499007244e+000,5.52310556000370e+001

6.47201842678461e+007,-3.08056243750784e+000,5.08017428271504e+001

6.56236443721400e+007,-3.07970757051342e+000,4.63107123556777e+001

6.65397163095010e+007,-3.08209880030715e+000,4.17604208030718e+001

6.74685761345577e+007,-3.08771248994203e+000,3.71534192353297e+001

6.84104023595701e+007,-3.09643848516255e+000,3.24922585474104e+001

6.93653759887363e+007,-3.10807834065274e+000,2.77793873704037e+001

7.03336805529788e+007,-3.12234650032058e+000,2.30170462361775e+001

7.13155021452165e+007,-3.13887455166323e+000,1.82071620670826e+001

7.23110294561284e+007,-3.15721852872406e+000,1.33512471271140e+001

7.33204538104174e+007,-3.17686909949332e+000,8.45030637678409e+000

7.43439692035797e+007,-3.19726435426617e+000,3.50475675558921e+000

7.53817723391876e+007,-3.21780482061561e+000,-1.48563866062383e+000

7.64340626666931e+007,-3.23787027280416e+000,-6.52181933226489e+000

7.75010424197586e+007,-3.25683787801523e+000,-1.16054571052776e+001

7.85829166551234e+007,-3.27410122319547e+000,-1.67389661388706e+001

7.96798932920122e+007,-3.28908978502806e+000,-2.19254922259890e+001

8.07921831520937e+007,-3.30128842945061e+000,-2.71688810630468e+001

8.19199999999977e+007,-3.31025654293209e+000,-3.24736251020456e+001

8.30635605843968e+007,-3.31564639263405e+000,-3.78447885676295e+001

8.42230846796626e+007,-3.31722027574874e+000,-4.32879101154155e+001

8.53987951281022e+007,-3.31486594235946e+000,-4.88088825490145e+001

8.65909178827858e+007,-3.30860965889213e+000,-5.44138091323478e+001

8.77996820509706e+007,-3.29862612561961e+000,-6.01088364838999e+001

8.90253199381321e+007,-3.28524428632857e+000,-6.58999649834792e+001

9.02680670926093e+007,-3.26894789788447e+000,-7.17928392124208e+001

9.15281623508736e+007,-3.25036960283792e+000,-7.77925232931826e+001

9.28058478834291e+007,-3.23027722441273e+000,-8.39032691085092e+001

9.41013692413544e+007,-3.20955114583292e+000,-9.01282891229779e+001

9.54149754034931e+007,-3.18915201191176e+000,-9.64695495412585e+001

9.67469188243043e+007,-3.17007865193457e+000,-1.02927603197531e+002

9.80974554823798e+007,-3.15331708287812e+000,-1.09501484010742e+002

9.94668449296393e+007,-3.13978266154561e+000,-1.16188685046959e+002

1.00855350341213e+008,-3.13025878221322e+000,-1.22985239258134e+002

1.02263238566017e+008,-3.12533674989623e+000,-1.29885915247211e+002

1.03690780178042e+008,-3.12536233203182e+000,-1.36884530073258e+002

1.05138249528350e+008,-3.13039474341424e+000,-1.43974368199580e+002

1.06605924797800e+008,-3.14018327636372e+000,-1.51148682118445e+002

1.08094088050512e+008,-3.15416543360329e+000,-1.58401238385385e+002

1.09603025288075e+008,-3.17148842816978e+000,-1.65726865074110e+002

1.11133026504510e+008,-3.19105361617694e+000,-1.73121954520905e+002

1.12684385742004e+008,-3.21158122921827e+000,1.79415121125882e+002

1.14257401147422e+008,-3.23169103200938e+000,1.71883715744858e+002

1.15852375029601e+008,-3.24999345682533e+000,1.64280759830322e+002

1.17469613917453e+008,-3.26518536989655e+000,1.56600768180201e+002

1.19109428618876e+008,-3.27614473482299e+000,1.48836007727552e+002

1.20772134280483e+008,-3.28201877164737e+000,1.40976821835932e+002

1.22458050448171e+008,-3.28230047051254e+000,1.33012102886196e+002

1.24167501128528e+008,-3.27688829100814e+000,1.24929901251249e+002

1.25900814851110e+008,-3.26612351058098e+000,1.16718153552198e+002

1.27658324731572e+008,-3.25079914805132e+000,1.08365503976759e+002

1.29440368535692e+008,-3.23213410369212e+000,9.98621775512990e+001

1.31247288744280e+008,-3.21170677873541e+000,9.12008433038172e+001

1.33079432619002e+008,-3.19134473512925e+000,8.23773806721160e+001

1.34937152269115e+008,-3.17297156877736e+000,7.33914403444329e+001

1.36820804719140e+008,-3.15841921400934e+000,6.42466804824198e+001

1.38730751977472e+008,-3.14922255234655e+000,5.49505718733447e+001

1.40667361105957e+008,-3.14642149967030e+000,4.55137089197621e+001

1.42631004290433e+008,-3.15040089638379e+000,3.59486369423985e+001

1.44622058912256e+008,-3.16079786055760e+000,2.62682973043226e+001

1.46640907620835e+008,-3.17649857191704e+000,1.64842770564215e+001

1.48687938407159e+008,-3.19573292443916e+000,6.60510343749841e+000

1.50763544678375e+008,-3.21625954740456e+000,-3.36517108041499e+000

1.52868125333386e+008,-3.23561961691557e+000,-1.34278900818893e+001

1.55002084839517e+008,-3.25142885472686e+000,-2.35900914516503e+001

1.57165833310246e+008,-3.26167395968516e+000,-3.38641341183223e+001

1.59359786584024e+008,-3.26498091633956e+000,-4.42666739023462e+001

1.61584366304187e+008,-3.26082551852807e+000,-5.48170604618651e+001

1.63839999999995e+008,-3.24965890665933e+000,-6.55352695090270e+001

1.66127121168793e+008,-3.23292272441845e+000,-7.64395341629531e+001

1.68446169359325e+008,-3.21293195061378e+000,-8.75439108158069e+001

1.70797590256204e+008,-3.19261290071902e+000,-9.88561072351783e+001

1.73181835765571e+008,-3.17510381372007e+000,-1.10375986453648e+002

1.75599364101941e+008,-3.16325708667497e+000,-1.22095183959204e+002

1.78050639876264e+008,-3.15911982651812e+000,-1.33998172609328e+002

1.80536134185218e+008,-3.16349900841425e+000,-1.46064845396231e+002

1.83056324701747e+008,-3.17572176522235e+000,-1.58274302548701e+002

1.85611695766858e+008,-3.19366972336798e+000,-1.70609153590882e+002

1.88202738482708e+008,-3.21410475469271e+000,1.76940565852335e+002

1.90829950806986e+008,-3.23323376600391e+000,1.64374715707302e+002

1.93493837648608e+008,-3.24740728961260e+000,1.51682191712185e+002

1.96194910964759e+008,-3.25382399702180e+000,1.38842092691162e+002

1.98933689859278e+008,-3.25111691573537e+000,1.25826781293327e+002

2.01710700682425e+008,-3.23971358093731e+000,1.12606440913123e+002

2.04526477132034e+008,-3.22188217470832e+000,9.91545052255605e+001

2.07381560356084e+008,-3.20140315609406e+000,8.54530817865327e+001

2.10276499056700e+008,-3.18285778227237e+000,7.14972134063696e+001

2.13211849595600e+008,-3.17061640872727e+000,5.72966708848289e+001

2.16188176101024e+008,-3.16773074219717e+000,4.28742136633148e+001

2.19206050576150e+008,-3.17503491917623e+000,2.82600849118727e+001

2.22266053009019e+008,-3.19076682971038e+000,1.34837824465205e+001

2.25368771484008e+008,-3.21089225681183e+000,-1.43468873494138e+000

2.28514802294843e+008,-3.23009069647140e+000,-1.64914701145108e+001

2.31704750059200e+008,-3.24314821774135e+000,-3.17013784348486e+001

2.34939227834906e+008,-3.24638910837822e+000,-4.70954862705085e+001

2.38218857237752e+008,-3.23877715903171e+000,-6.27141830628494e+001

2.41544268560966e+008,-3.22238383460229e+000,-7.85971365706297e+001

2.44916100896340e+008,-3.20202058138847e+000,-9.47723867297830e+001

2.48335002257056e+008,-3.18398860528228e+000,-1.11247546010844e+002

2.51801629702220e+008,-3.17415806714539e+000,-1.28006422515515e+002

2.55316649463144e+008,-3.17592167512481e+000,-1.45013513871046e+002

2.58880737071383e+008,-3.18879912351983e+000,-1.62226198101466e+002

2.62494577488559e+008,-3.20836215419830e+000,-1.79610874082719e+002

2.66158865238003e+008,-3.22765106458616e+000,1.62843084363244e+002

2.69874304538230e+008,-3.23961946013254e+000,1.45117185900883e+002

2.73641609438279e+008,-3.23973417511322e+000,1.27168093041524e+002

2.77461503954944e+008,-3.22781187827724e+000,1.08941252062175e+002

2.81334722211914e+008,-3.20838604612200e+000,9.03898600277268e+001

2.85262008580865e+008,-3.18926610038707e+000,7.14929397984781e+001

2.89244117824512e+008,-3.17852666893533e+000,5.22650204322263e+001

2.93281815241668e+008,-3.18095350946618e+000,3.27512222600710e+001

2.97375876814318e+008,-3.19559203742873e+000,1.30072346684476e+001

3.01527089356749e+008,-3.21583615447377e+000,-6.92788108367317e+000

3.05736250666771e+008,-3.23227718473021e+000,-2.70527963305173e+001

3.10004169679033e+008,-3.23705985198687e+000,-4.74080249346031e+001

3.14331666620492e+008,-3.22773628596672e+000,-6.80603320861955e+001

3.18719573168047e+008,-3.20880370265149e+000,-8.90734071540884e+001

3.23168732608373e+008,-3.18993515312802e+000,-1.10477085985762e+002

3.27679999999989e+008,-3.18123995237305e+000,-1.32250614750007e+002

3.32254242337586e+008,-3.18763732374390e+000,-1.54332290740506e+002

3.36892338718649e+008,-3.20563056787275e+000,-1.76654587483576e+002

3.41595180512407e+008,-3.22488505146777e+000,1.60813905131810e+002

3.46363671531142e+008,-3.23405262804743e+000,1.38045620132351e+002

3.51198728203881e+008,-3.22752213802205e+000,1.14965254381760e+002

3.56101279752527e+008,-3.20916347519247e+000,9.14903810005955e+001

3.61072268370436e+008,-3.19055938920944e+000,6.75801769824632e+001

3.66112649403493e+008,-3.18399435445116e+000,4.32627995482268e+001

3.71223391533715e+008,-3.19405454212889e+000,1.86184377157790e+001

3.76405476965416e+008,-3.21384699000052e+000,-6.27729154785072e+000

3.81659901613971e+008,-3.22935695994868e+000,-3.14114486844132e+001

3.86987675297216e+008,-3.22930959583483e+000,-5.68494261786855e+001

3.92389821929517e+008,-3.21360012632716e+000,-8.26942189951593e+001

3.97867379718556e+008,-3.19407663787320e+000,-1.09014622013925e+002

4.03421401364849e+008,-3.18612617419614e+000,-1.35792377085798e+002

4.09052954264066e+008,-3.19632548308292e+000,-1.62934464118581e+002

4.14763120712167e+008,-3.21628312491218e+000,1.69648915911990e+002

4.20552998113398e+008,-3.22907572449230e+000,1.41962514565344e+002

4.26423699191198e+008,-3.22355771672127e+000,1.13913577950815e+002

4.32376352202047e+008,-3.20448431495667e+000,8.53840337350331e+001

4.38412101152298e+008,-3.18922154374733e+000,5.63313349134512e+001

4.44532106018038e+008,-3.19224528985145e+000,2.68292263140679e+001

4.50737542968016e+008,-3.21073175255306e+000,-3.00185494607035e+000

4.57029604589685e+008,-3.22641664291056e+000,-3.31185730044974e+001

4.63409500118400e+008,-3.22342658476709e+000,-6.36079158315892e+001

4.69878455669810e+008,-3.20472912737234e+000,-9.46098012709954e+001

4.76437714475503e+008,-3.19013328394683e+000,-1.26178413801522e+002

4.83088537121932e+008,-3.19570621441499e+000,-1.58223133495128e+002

4.89832201792680e+008,-3.21526302454264e+000,1.69391242747256e+002

4.96670004514110e+008,-3.22636833268442e+000,1.36682965629965e+002

5.03603259404439e+008,-3.21596090015316e+000,1.03519502641458e+002

5.10633298926288e+008,-3.19643048061022e+000,6.97610346842961e+001

5.17761474142765e+008,-3.19191415357742e+000,3.54246075759974e+001

5.24989154977117e+008,-3.20822717704866e+000,6.64482942943161e-001

5.32317730476004e+008,-3.22420046658791e+000,-3.44310136652521e+001

5.39748609076458e+008,-3.21864973746523e+000,-6.99688541141995e+001

5.47283218876557e+008,-3.19902074682142e+000,-1.06124568095455e+002

5.54923007909887e+008,-3.19264755196320e+000,-1.42911659647496e+002

5.62669444423827e+008,-3.20870804281512e+000,1.79837912124821e+002

5.70524017161728e+008,-3.22369769047888e+000,1.42225405847703e+002

5.78488235649024e+008,-3.21522439340475e+000,1.04119989476244e+002

5.86563630483336e+008,-3.19618194432240e+000,6.53368965440737e+001

5.94751753628634e+008,-3.19645641956419e+000,2.59124270937281e+001

6.03054178713497e+008,-3.21562050916303e+000,-1.39540562668021e+001

6.11472501333541e+008,-3.22217452855460e+000,-5.42340265939138e+001

6.20008339358065e+008,-3.20512758957227e+000,-9.51374269823154e+001

6.28663333240983e+008,-3.19374644027959e+000,-1.36777142916115e+002

6.37439146336093e+008,-3.20809220457669e+000,-1.78978780910229e+002

6.46337465216745e+008,-3.22228078830572e+000,1.38403720665611e+002

6.55359999999977e+008,-3.21026039096631e+000,9.52032258266843e+001

6.64508484675170e+008,-3.19462764746816e+000,5.12246526691513e+001

6.73784677437296e+008,-3.20547567743980e+000,6.60274260223408e+000

6.83190361024813e+008,-3.22137892186599e+000,-3.84649092113411e+001

6.92727343062282e+008,-3.21043399285264e+000,-8.41297065434065e+001

7.02397456407760e+008,-3.19513753201817e+000,-1.30613118431897e+002

7.12202559505052e+008,-3.20757873281273e+000,-1.77764065381604e+002

7.22144536740870e+008,-3.22097660822217e+000,1.34613551104632e+002

7.32225298806984e+008,-3.20608855027826e+000,8.63140734664059e+001

7.42446783067428e+008,-3.19623005205944e+000,3.71533563476943e+001

7.52810953930830e+008,-3.21382827616071e+000,-1.26320437541126e+001

7.63319803227940e+008,-3.21780809675655e+000,-6.29417781530038e+001

7.73975350594429e+008,-3.19883332996572e+000,-1.14076526326910e+002

7.84779643859033e+008,-3.20292489042258e+000,-1.66048534905709e+002

7.95734759437109e+008,-3.21980273911568e+000,1.41434527718841e+002

8.06842802729695e+008,-3.20694875186501e+000,8.82188367259487e+001

8.18105908528131e+008,-3.19751098467097e+000,3.40590435252987e+001

8.29526241424333e+008,-3.21610496542099e+000,-2.07704407753078e+001

8.41105996226795e+008,-3.21299580101432e+000,-7.62179484070809e+001

8.52847398382395e+008,-3.19676745769807e+000,-1.32629436950729e+002

8.64752704404093e+008,-3.21232539417538e+000,1.70165603788274e+002

8.76824202304595e+008,-3.21564276765925e+000,1.12359374326165e+002

8.89064212036074e+008,-3.19724753831511e+000,5.35847612049134e+001

9.01475085936030e+008,-3.21086569992750e+000,-6.06348729250249e+000

9.14059209179369e+008,-3.21590405433005e+000,-6.63286192332377e+001

9.26819000236798e+008,-3.19694616733957e+000,-1.27596945458328e+002

9.39756911339618e+008,-3.21224221941726e+000,1.70232559385783e+002

9.52875428951004e+008,-3.21394103170407e+000,1.07417994494740e+002

9.66177074243861e+008,-3.19539120063480e+000,4.35175934474550e+001

9.79664403585357e+008,-3.21665133762412e+000,-2.12428326750516e+001

9.93340009028218e+008,-3.20460874793909e+000,-8.66708210212780e+001

1.00000000000000e+009,-3.18330521604885e+000,-1.18652666000623e+002

