Freq.,VOut,OutRef

1.00000000000000e+004,-9.26069957238860e+000,-4.62988447661428e-002

1.01395947979003e+004,-9.26069957834913e+000,-4.69451517160645e-002

1.02811382665607e+004,-9.26069958447715e+000,-4.76004807392793e-002

1.04246576084112e+004,-9.26069959077765e+000,-4.82649577763521e-002

1.05701804056138e+004,-9.26069959725480e+000,-4.89387105312325e-002

1.07177346253629e+004,-9.26069960391418e+000,-4.96218684824743e-002

1.08673486252606e+004,-9.26069961076063e+000,-5.03145629220362e-002

1.10190511587661e+004,-9.26069961779963e+000,-5.10169269707869e-002

1.11728713807222e+004,-9.26069962503633e+000,-5.17290956115075e-002

1.13288388529580e+004,-9.26069963247653e+000,-5.24512057076807e-002

1.14869835499703e+004,-9.26069964012581e+000,-5.31833960357350e-002

1.16473358646846e+004,-9.26069964799013e+000,-5.39258073075688e-002

1.18099266142953e+004,-9.26069965607537e+000,-5.46785822011872e-002

1.19747870461893e+004,-9.26069966438780e+000,-5.54418653848022e-002

1.21419488439505e+004,-9.26069967293376e+000,-5.62158035464227e-002

1.23114441334492e+004,-9.26069968172002e+000,-5.70005454201197e-002

1.24833054890161e+004,-9.26069969075306e+000,-5.77962418196067e-002

1.26575659397028e+004,-9.26069970003999e+000,-5.86030456599204e-002

1.28342589756290e+004,-9.26069970958797e+000,-5.94211119926260e-002

1.30134185544193e+004,-9.26069971940421e+000,-6.02505980338277e-002

1.31950791077289e+004,-9.26069972949654e+000,-6.10916631920372e-002

1.33792755478611e+004,-9.26069973987200e+000,-6.19444691066827e-002

1.35660432744767e+004,-9.26069975053924e+000,-6.28091796652173e-002

1.37554181813974e+004,-9.26069976150637e+000,-6.36859610471641e-002

1.39474366635040e+004,-9.26069977278148e+000,-6.45749817534226e-002

1.41421356237309e+004,-9.26069978437354e+000,-6.54764126329330e-002

1.43395524801583e+004,-9.26069979629112e+000,-6.63904269232489e-002

1.45397251732031e+004,-9.26069980854381e+000,-6.73172002754067e-002

1.47426921729110e+004,-9.26069982114045e+000,-6.82569107985460e-002

1.49484924863494e+004,-9.26069983409123e+000,-6.92097390810235e-002

1.51571656651040e+004,-9.26069984740576e+000,-7.01758682374964e-002

1.53687518128801e+004,-9.26069986109453e+000,-7.11554839346017e-002

1.55832915932100e+004,-9.26069987516768e+000,-7.21487744348124e-002

1.58008262372675e+004,-9.26069988963620e+000,-7.31559306243576e-002

1.60213975517924e+004,-9.26069990451143e+000,-7.41771460546898e-002

1.62450479271247e+004,-9.26069991980444e+000,-7.52126169814518e-002

1.64718203453514e+004,-9.26069993552719e+000,-7.62625423969412e-002

1.67017583885674e+004,-9.26069995169143e+000,-7.73271240735862e-002

1.69349062472505e+004,-9.26069996830990e+000,-7.84065665969162e-002

1.71713087287550e+004,-9.26069998539514e+000,-7.95010774111032e-002

1.74110112659224e+004,-9.26070000296029e+000,-8.06108668542295e-002

1.76540599258131e+004,-9.26070002101896e+000,-8.17361481998706e-002

1.79005014185594e+004,-9.26070003958475e+000,-8.28771377010257e-002

1.81503831063432e+004,-9.26070005867201e+000,-8.40340546263376e-002

1.84037530124975e+004,-9.26070007829557e+000,-8.52071213050051e-002

1.86606598307361e+004,-9.26070009847008e+000,-8.63965631732285e-002

1.89211529345119e+004,-9.26070011921136e+000,-8.76026088084307e-002

1.91852823865052e+004,-9.26070014053526e+000,-8.88254899818617e-002

1.94530989482457e+004,-9.26070016245796e+000,-9.00654416996272e-002

1.97246540898671e+004,-9.26070018499628e+000,-9.13227022479484e-002

1.99999999999999e+004,-9.26070020816758e+000,-9.25975132375457e-002

2.02791895958005e+004,-9.26070023198950e+000,-9.38901196528893e-002

2.05622765331213e+004,-9.26070025648053e+000,-9.52007698959941e-002

2.08493152168224e+004,-9.26070028165927e+000,-9.65297158382468e-002

2.11403608112276e+004,-9.26070030754483e+000,-9.78772128665725e-002

2.14354692507258e+004,-9.26070033415743e+000,-9.92435199289515e-002

2.17346972505211e+004,-9.26070036151724e+000,-1.00628899591283e-001

2.20381023175322e+004,-9.26070038964509e+000,-1.02033618083656e-001

2.23457427614443e+004,-9.26070041856265e+000,-1.03457945350378e-001

2.26576777059159e+004,-9.26070044829208e+000,-1.04902155104220e-001

2.29739670999406e+004,-9.26070047885631e+000,-1.06366524876887e-001

2.32946717293690e+004,-9.26070051027827e+000,-1.07851336078320e-001

2.36198532285905e+004,-9.26070054258252e+000,-1.09356874038738e-001

2.39495740923785e+004,-9.26070057579341e+000,-1.10883428077723e-001

2.42838976879009e+004,-9.26070060993648e+000,-1.12431291548419e-001

2.46228882668982e+004,-9.26070064503782e+000,-1.14000761899898e-001

2.49666109780322e+004,-9.26070068112436e+000,-1.15592140731822e-001

2.53151318794055e+004,-9.26070071822370e+000,-1.17205733853471e-001

2.56685179512580e+004,-9.26070075636421e+000,-1.18841851342316e-001

2.60268371088386e+004,-9.26070079557490e+000,-1.20500807604110e-001

2.63901582154578e+004,-9.26070083588589e+000,-1.22182921431187e-001

2.67585510957221e+004,-9.26070087732797e+000,-1.23888516065647e-001

2.71320865489533e+004,-9.26070091993291e+000,-1.25617919259882e-001

2.75108363627948e+004,-9.26070096373321e+000,-1.27371463342022e-001

2.78948733270080e+004,-9.26070100876215e+000,-1.29149485278488e-001

2.82842712474618e+004,-9.26070105505420e+000,-1.30952326736632e-001

2.86791049603164e+004,-9.26070110264483e+000,-1.32780334152028e-001

2.90794503464061e+004,-9.26070115157042e+000,-1.34633858795404e-001

2.94853843458219e+004,-9.26070120186835e+000,-1.36513256839541e-001

2.98969849726987e+004,-9.26070125357672e+000,-1.38418889430071e-001

3.03143313302078e+004,-9.26070130673513e+000,-1.40351122749896e-001

3.07375036257601e+004,-9.26070136138429e+000,-1.42310328091338e-001

3.11665831864199e+004,-9.26070141756581e+000,-1.44296881930198e-001

3.16016524745350e+004,-9.26070147532232e+000,-1.46311165996819e-001

3.20427951035848e+004,-9.26070153469824e+000,-1.48353567344250e-001

3.24900958542493e+004,-9.26070159573856e+000,-1.50424478431439e-001

3.29436406907028e+004,-9.26070165848985e+000,-1.52524297191610e-001

3.34035167771346e+004,-9.26070172300010e+000,-1.54653427109959e-001

3.38698124945009e+004,-9.26070178931823e+000,-1.56812277304861e-001

3.43426174575100e+004,-9.26070185749469e+000,-1.59001262602466e-001

3.48220225318448e+004,-9.26070192758175e+000,-1.61220803614663e-001

3.53081198516260e+004,-9.26070199963236e+000,-1.63471326827237e-001

3.58010028371187e+004,-9.26070207370146e+000,-1.65753264673897e-001

3.63007662126863e+004,-9.26070214984557e+000,-1.68067055621737e-001

3.68075060249948e+004,-9.26070222812247e+000,-1.70413144258231e-001

3.73213196614721e+004,-9.26070230859164e+000,-1.72791981373211e-001

3.78423058690237e+004,-9.26070239131433e+000,-1.75204024045725e-001

3.83705647730104e+004,-9.26070247635334e+000,-1.77649735733452e-001

3.89061978964912e+004,-9.26070256377314e+000,-1.80129586360910e-001

3.94493081797342e+004,-9.26070265364037e+000,-1.82644052406566e-001

3.99999999999998e+004,-9.26070274602303e+000,-1.85193616999619e-001

4.05583791916010e+004,-9.26070284099123e+000,-1.87778770009108e-001

4.11245530662425e+004,-9.26070293861708e+000,-1.90400008137844e-001

4.16986304336447e+004,-9.26070303897437e+000,-1.93057835020399e-001

4.22807216224550e+004,-9.26070314213958e+000,-1.95752761313646e-001

4.28709385014515e+004,-9.26070324819055e+000,-1.98485304803311e-001

4.34693945010421e+004,-9.26070335720768e+000,-2.01255990496248e-001

4.40762046350642e+004,-9.26070346927324e+000,-2.04065350725542e-001

4.46914855228886e+004,-9.26070358447236e+000,-2.06913925247129e-001

4.53153554118317e+004,-9.26070370289207e+000,-2.09802261348955e-001

4.59479341998812e+004,-9.26070382462174e+000,-2.12730913954063e-001

4.65893434587380e+004,-9.26070394975353e+000,-2.15700445724447e-001

4.72397064571810e+004,-9.26070407838172e+000,-2.18711427173631e-001

4.78991481847569e+004,-9.26070421060358e+000,-2.21764436770146e-001

4.85677953758016e+004,-9.26070434651870e+000,-2.24860061054414e-001

4.92457765337964e+004,-9.26070448622971e+000,-2.27998894745625e-001

4.99332219560642e+004,-9.26070462984165e+000,-2.31181540861271e-001

5.06302637588109e+004,-9.26070477746283e+000,-2.34408610826566e-001

5.13370359025159e+004,-9.26070492920438e+000,-2.37680724596108e-001

5.20536742176771e+004,-9.26070508518047e+000,-2.40998510770633e-001

5.27803164309155e+004,-9.26070524550817e+000,-2.44362606719356e-001

5.35171021914442e+004,-9.26070541030788e+000,-2.47773658699771e-001

5.42641730979066e+004,-9.26070557970375e+000,-2.51232321979373e-001

5.50216727255895e+004,-9.26070575382241e+000,-2.54739260969440e-001

5.57897466540159e+004,-9.26070593279465e+000,-2.58295149342111e-001

5.65685424949235e+004,-9.26070611675430e+000,-2.61900670166902e-001

5.73582099206328e+004,-9.26070630583938e+000,-2.65556516035974e-001

5.81589006928121e+004,-9.26070650019124e+000,-2.69263389200119e-001

5.89707686916437e+004,-9.26070669995504e+000,-2.73022001703627e-001

5.97939699453972e+004,-9.26070690528000e+000,-2.76833075517919e-001

6.06286626604156e+004,-9.26070711631955e+000,-2.80697342679056e-001

6.14750072515201e+004,-9.26070733323069e+000,-2.84615545433657e-001

6.23331663728396e+004,-9.26070755617530e+000,-2.88588436372467e-001

6.32033049490698e+004,-9.26070778531914e+000,-2.92616778581604e-001

6.40855902071694e+004,-9.26070802083283e+000,-2.96701345782444e-001

6.49801917084985e+004,-9.26070826289095e+000,-3.00842922486602e-001

6.58872813814055e+004,-9.26070851167345e+000,-3.05042304137258e-001

6.68070335542691e+004,-9.26070876736476e+000,-3.09300297267917e-001

6.77396249890018e+004,-9.26070903015411e+000,-3.13617719654876e-001

6.86852349150199e+004,-9.26070930023602e+000,-3.17995400471238e-001

6.96440450636895e+004,-9.26070957780991e+000,-3.22434180448611e-001

7.06162397032520e+004,-9.26070986308086e+000,-3.26934912034160e-001

7.16020056742374e+004,-9.26071015625924e+000,-3.31498459555653e-001

7.26015324253724e+004,-9.26071045756084e+000,-3.36125699387218e-001

7.36150120499896e+004,-9.26071076720718e+000,-3.40817520115013e-001

7.46426393229441e+004,-9.26071108542576e+000,-3.45574822706786e-001

7.56846117380472e+004,-9.26071141245018e+000,-3.50398520683522e-001

7.67411295460207e+004,-9.26071174851983e+000,-3.55289540296214e-001

7.78123957929823e+004,-9.26071209388071e+000,-3.60248820699008e-001

7.88986163594682e+004,-9.26071244878492e+000,-3.65277314132483e-001

7.99999999999995e+004,-9.26071281349144e+000,-3.70375986100166e-001

8.11167583832018e+004,-9.26071318826602e+000,-3.75545815556194e-001

8.22491061324848e+004,-9.26071357338094e+000,-3.80787795092031e-001

8.33972608672892e+004,-9.26071396911591e+000,-3.86102931122837e-001

8.45614432449099e+004,-9.26071437575768e+000,-3.91492244081984e-001

8.57418770029029e+004,-9.26071479360063e+000,-3.96956768612752e-001

8.69387890020841e+004,-9.26071522294630e+000,-4.02497553769041e-001

8.81524092701283e+004,-9.26071566410442e+000,-4.08115663210411e-001

8.93829710457770e+004,-9.26071611739228e+000,-4.13812175408940e-001

9.06307108236633e+004,-9.26071658313553e+000,-4.19588183850255e-001

9.18958683997622e+004,-9.26071706166780e+000,-4.25444797246207e-001

9.31786869174758e+004,-9.26071755333159e+000,-4.31383139740212e-001

9.44794129143618e+004,-9.26071805847773e+000,-4.37404351125585e-001

9.57982963695136e+004,-9.26071857746581e+000,-4.43509587061045e-001

9.71355907516031e+004,-9.26071911066473e+000,-4.49700019287509e-001

9.84915530675926e+004,-9.26071965845258e+000,-4.55976835853512e-001

9.98664439121282e+004,-9.26072022121658e+000,-4.62341241340837e-001

1.01260527517622e+005,-9.26072079935378e+000,-4.68794457091397e-001

1.02674071805032e+005,-9.26072139327096e+000,-4.75337721439829e-001

1.04107348435354e+005,-9.26072200338488e+000,-4.81972289949292e-001

1.05560632861831e+005,-9.26072263012269e+000,-4.88699435646576e-001

1.07034204382888e+005,-9.26072327392165e+000,-4.95520449267469e-001

1.08528346195813e+005,-9.26072393522989e+000,-5.02436639497808e-001

1.10043345451179e+005,-9.26072461450617e+000,-5.09449333223681e-001

1.11579493308032e+005,-9.26072531222023e+000,-5.16559875781912e-001

1.13137084989847e+005,-9.26072602885334e+000,-5.23769631212363e-001

1.14716419841265e+005,-9.26072676489782e+000,-5.31079982520630e-001

1.16317801385624e+005,-9.26072752085783e+000,-5.38492331935345e-001

1.17941537383287e+005,-9.26072829724921e+000,-5.46008101175781e-001

1.19587939890794e+005,-9.26072909460007e+000,-5.53628731718064e-001

1.21257325320831e+005,-9.26072991345044e+000,-5.61355685070885e-001

1.22950014503040e+005,-9.26073075435309e+000,-5.69190443046311e-001

1.24666332745679e+005,-9.26073161787306e+000,-5.77134508045949e-001

1.26406609898139e+005,-9.26073250458860e+000,-5.85189403337027e-001

1.28171180414339e+005,-9.26073341509062e+000,-5.93356673345738e-001

1.29960383416997e+005,-9.26073434998330e+000,-6.01637883944744e-001

1.31774562762811e+005,-9.26073530988440e+000,-6.10034622747391e-001

1.33614067108538e+005,-9.26073629542491e+000,-6.18548499410107e-001

1.35479249978003e+005,-9.26073730724984e+000,-6.27181145930529e-001

1.37370469830040e+005,-9.26073834601772e+000,-6.35934216959498e-001

1.39288090127379e+005,-9.26073941240130e+000,-6.44809390106948e-001

1.41232479406504e+005,-9.26074050708760e+000,-6.53808366259460e-001

1.43204011348474e+005,-9.26074163077759e+000,-6.62932869900237e-001

1.45203064850745e+005,-9.26074278418706e+000,-6.72184649429609e-001

1.47230024099979e+005,-9.26074396804614e+000,-6.81565477495402e-001

1.49285278645888e+005,-9.26074518309953e+000,-6.91077151324437e-001

1.51369223476094e+005,-9.26074643010685e+000,-7.00721493057360e-001

1.53482259092041e+005,-9.26074770984219e+000,-7.10500350092646e-001

1.55624791585964e+005,-9.26074902309484e+000,-7.20415595428163e-001

1.57797232718936e+005,-9.26075037066869e+000,-7.30469128014029e-001

1.59999999999999e+005,-9.26075175338279e+000,-7.40662873105093e-001

1.62233516766403e+005,-9.26075317207075e+000,-7.50998782622527e-001

1.64498212264969e+005,-9.26075462758135e+000,-7.61478835514555e-001

1.66794521734578e+005,-9.26075612077794e+000,-7.72105038128273e-001

1.69122886489819e+005,-9.26075765253868e+000,-7.82879424580927e-001

1.71483754005805e+005,-9.26075922375642e+000,-7.93804057138496e-001

1.73877578004168e+005,-9.26076083533831e+000,-8.04881026600231e-001

1.76304818540256e+005,-9.26076248820592e+000,-8.16112452686071e-001

1.78765942091554e+005,-9.26076418329488e+000,-8.27500484429320e-001

1.81261421647326e+005,-9.26076592155462e+000,-8.39047300576429e-001

1.83791736799524e+005,-9.26076770394803e+000,-8.50755109990298e-001

1.86357373834951e+005,-9.26076953145143e+000,-8.62626152057466e-001

1.88958825828723e+005,-9.26077140505376e+000,-8.74662697104812e-001

1.91596592739027e+005,-9.26077332575647e+000,-8.86867046816876e-001

1.94271181503206e+005,-9.26077529457283e+000,-8.99241534662304e-001

1.96983106135185e+005,-9.26077731252746e+000,-9.11788526323297e-001

1.99732887824256e+005,-9.26077938065566e+000,-9.24510420132517e-001

2.02521055035243e+005,-9.26078150000297e+000,-9.37409647512409e-001

2.05348143610063e+005,-9.26078367162418e+000,-9.50488673424559e-001

2.08214696870707e+005,-9.26078589658253e+000,-9.63749996822294e-001

2.11121265723661e+005,-9.26078817594887e+000,-9.77196151108575e-001

2.14068408765776e+005,-9.26079051080079e+000,-9.90829704601029e-001

2.17056692391625e+005,-9.26079290222124e+000,-1.00465326100259e+000

2.20086690902357e+005,-9.26079535129776e+000,-1.01866945987718e+000

2.23158986616063e+005,-9.26079785912084e+000,-1.03288097713421e+000

2.26274169979693e+005,-9.26080042678279e+000,-1.04729052551488e+000

2.29432839682530e+005,-9.26080305537613e+000,-1.06190085508906e+000

2.32635602771247e+005,-9.26080574599208e+000,-1.07671475375531e+000

2.35883074766574e+005,-9.26080849971869e+000,-1.09173504774930e+000

2.39175879781588e+005,-9.26081131763910e+000,-1.10696460215722e+000

2.42514650641661e+005,-9.26081420082938e+000,-1.12240632143694e+000

2.45900029006080e+005,-9.26081715035655e+000,-1.13806314994454e+000

2.49332665491357e+005,-9.26082016727604e+000,-1.15393807246850e+000

2.52813219796278e+005,-9.26082325262941e+000,-1.17003411477022e+000

2.56342360828676e+005,-9.26082640744143e+000,-1.18635434413146e+000

2.59920766833993e+005,-9.26082963271751e+000,-1.20290186990856e+000

2.63549125525621e+005,-9.26083292944044e+000,-1.21967984409321e+000

2.67228134217075e+005,-9.26083629856700e+000,-1.23669146188301e+000

2.70958499956006e+005,-9.26083974102480e+000,-1.25393996225405e+000

2.74740939660078e+005,-9.26084325770850e+000,-1.27142862854533e+000

2.78576180254757e+005,-9.26084684947538e+000,-1.28916078905024e+000

2.82464958813007e+005,-9.26085051714178e+000,-1.30713981761166e+000

2.86408022696948e+005,-9.26085426147811e+000,-1.32536913422960e+000

2.90406129701488e+005,-9.26085808320427e+000,-1.34385220567264e+000

2.94460048199957e+005,-9.26086198298458e+000,-1.36259254609922e+000

2.98570557291775e+005,-9.26086596142221e+000,-1.38159371768694e+000

3.02738446952187e+005,-9.26087001905370e+000,-1.40085933126759e+000

3.06964518184081e+005,-9.26087415634261e+000,-1.42039304697373e+000

3.11249583171928e+005,-9.26087837367333e+000,-1.44019857489033e+000

3.15594465437872e+005,-9.26088267134395e+000,-1.46027967571702e+000

3.19999999999997e+005,-9.26088704955943e+000,-1.48064016143658e+000

3.24467033532806e+005,-9.26089150842347e+000,-1.50128389599554e+000

3.28996424529938e+005,-9.26089604793079e+000,-1.52221479598935e+000

3.33589043469155e+005,-9.26090066795850e+000,-1.54343683135937e+000

3.38245772979638e+005,-9.26090536825677e+000,-1.56495402609857e+000

3.42967508011610e+005,-9.26091014843977e+000,-1.58677045896421e+000

3.47755156008335e+005,-9.26091500797516e+000,-1.60889026420363e+000

3.52609637080511e+005,-9.26091994617368e+000,-1.63131763228613e+000

3.57531884183106e+005,-9.26092496217798e+000,-1.65405681064575e+000

3.62522843294651e+005,-9.26093005495058e+000,-1.67711210443570e+000

3.67583473599047e+005,-9.26093522326173e+000,-1.70048787728900e+000

3.72714747669902e+005,-9.26094046567609e+000,-1.72418855209382e+000

3.77917651657445e+005,-9.26094578053901e+000,-1.74821861177574e+000

3.83193185478053e+005,-9.26095116596216e+000,-1.77258260009198e+000

3.88542363006410e+005,-9.26095661980815e+000,-1.79728512243771e+000

3.93966212270369e+005,-9.26096213967480e+000,-1.82233084666075e+000

3.99465775648511e+005,-9.26096772287786e+000,-1.84772450389134e+000

4.05042110070485e+005,-9.26097336643397e+000,-1.87347088937922e+000

4.10696287220124e+005,-9.26097906704170e+000,-1.89957486334683e+000

4.16429393741414e+005,-9.26098482106246e+000,-1.92604135185136e+000

4.22242531447321e+005,-9.26099062450014e+000,-1.95287534766073e+000

4.28136817531551e+005,-9.26099647297973e+000,-1.98008191114269e+000

4.34113384783250e+005,-9.26100236172514e+000,-2.00766617116631e+000

4.40173381804713e+005,-9.26100828553595e+000,-2.03563332601624e+000

4.46317973232124e+005,-9.26101423876309e+000,-2.06398864432201e+000

4.52548339959385e+005,-9.26102021528321e+000,-2.09273746600098e+000

4.58865679365059e+005,-9.26102620847231e+000,-2.12188520321483e+000

4.65271205542494e+005,-9.26103221117775e+000,-2.15143734134282e+000

4.71766149533147e+005,-9.26103821568972e+000,-2.18139943996681e+000

4.78351759563174e+005,-9.26104421371049e+000,-2.21177713387673e+000

4.85029301283321e+005,-9.26105019632338e+000,-2.24257613408802e+000

4.91800058012158e+005,-9.26105615395994e+000,-2.27380222887659e+000

4.98665330982714e+005,-9.26106207636554e+000,-2.30546128483321e+000

5.05626439592555e+005,-9.26106795256426e+000,-2.33755924793112e+000

5.12684721657352e+005,-9.26107377082178e+000,-2.37010214461522e+000

5.19841533667984e+005,-9.26107951860697e+000,-2.40309608290871e+000

5.27098251051240e+005,-9.26108518255245e+000,-2.43654725353671e+000

5.34456268434150e+005,-9.26109074841269e+000,-2.47046193107371e+000

5.41916999912011e+005,-9.26109620102172e+000,-2.50484647510610e+000

5.49481879320155e+005,-9.26110152424836e+000,-2.53970733142002e+000

5.57152360509512e+005,-9.26110670095038e+000,-2.57505103320733e+000

5.64929917626012e+005,-9.26111171292684e+000,-2.61088420229546e+000

5.72816045393895e+005,-9.26111654086870e+000,-2.64721355039956e+000

5.80812259402975e+005,-9.26112116430826e+000,-2.68404588039648e+000

5.88920096399912e+005,-9.26112556156615e+000,-2.72138808762550e+000

5.97141114583549e+005,-9.26112970969746e+000,-2.75924716121079e+000

6.05476893904373e+005,-9.26113358443533e+000,-2.79763018541268e+000

6.13929036368161e+005,-9.26113716013366e+000,-2.83654434100086e+000

6.22499166343855e+005,-9.26114040970745e+000,-2.87599690665850e+000

6.31188930875742e+005,-9.26114330457169e+000,-2.91599526041222e+000

6.39999999999992e+005,-9.26114581457858e+000,-2.95654688108999e+000

6.48934067065610e+005,-9.26114790795279e+000,-2.99765934980966e+000

6.57992849059874e+005,-9.26114955122517e+000,-3.03934035149703e+000

6.67178086938309e+005,-9.26115070916489e+000,-3.08159767643388e+000

6.76491545959274e+005,-9.26115134470947e+000,-3.12443922183961e+000

6.85935016023218e+005,-9.26115141889362e+000,-3.16787299348334e+000

6.95510312016668e+005,-9.26115089077596e+000,-3.21190710733130e+000

7.05219274161021e+005,-9.26114971736465e+000,-3.25654979122619e+000

7.15063768366211e+005,-9.26114785354078e+000,-3.30180938660449e+000

7.25045686589301e+005,-9.26114525198087e+000,-3.34769435024653e+000

7.35166947198092e+005,-9.26114186307741e+000,-3.39421325606520e+000

7.45429495339801e+005,-9.26113763485809e+000,-3.44137479693150e+000

7.55835303314889e+005,-9.26113251290356e+000,-3.48918778653886e+000

7.66386370956104e+005,-9.26112644026402e+000,-3.53766116130556e+000

7.77084726012819e+005,-9.26111935737422e+000,-3.58680398231814e+000

7.87932424540735e+005,-9.26111120196754e+000,-3.63662543731458e+000

7.98931551297020e+005,-9.26110190898856e+000,-3.68713484270913e+000

8.10084220140968e+005,-9.26109141050488e+000,-3.73834164566001e+000

8.21392574440247e+005,-9.26107963561781e+000,-3.79025542617780e+000

8.32858787482825e+005,-9.26106651037208e+000,-3.84288589927965e+000

8.44485062894640e+005,-9.26105195766470e+000,-3.89624291718592e+000

8.56273635063099e+005,-9.26103589715314e+000,-3.95033647156197e+000

8.68226769566497e+005,-9.26101824516292e+000,-4.00517669580543e+000

8.80346763609423e+005,-9.26099891459438e+000,-4.06077386737829e+000

8.92635946464246e+005,-9.26097781482922e+000,-4.11713841018594e+000

9.05096679918768e+005,-9.26095485163665e+000,-4.17428089700232e+000

9.17731358730116e+005,-9.26092992707895e+000,-4.23221205194222e+000

9.30542411084985e+005,-9.26090293941737e+000,-4.29094275298046e+000

9.43532299066291e+005,-9.26087378301739e+000,-4.35048403451886e+000

9.56703519126347e+005,-9.26084234825445e+000,-4.41084709000083e+000

9.70058602566640e+005,-9.26080852141930e+000,-4.47204327457441e+000

9.83600116024313e+005,-9.26077218462407e+000,-4.53408410780133e+000

9.97330661965425e+005,-9.26073321570815e+000,-4.59698127641662e+000

1.01125287918511e+006,-9.26069148814469e+000,-4.66074663713414e+000

1.02536944331470e+006,-9.26064687094728e+000,-4.72539221950200e+000

1.03968306733597e+006,-9.26059922857746e+000,-4.79093022880328e+000

1.05419650210248e+006,-9.26054842085230e+000,-4.85737304900736e+000

1.06891253686830e+006,-9.26049430285310e+000,-4.92473324576592e+000

1.08383399982402e+006,-9.26043672483434e+000,-4.99302356945779e+000

1.09896375864031e+006,-9.26037553213331e+000,-5.06225695828099e+000

1.11430472101902e+006,-9.26031056508073e+000,-5.13244654138965e+000

1.12985983525202e+006,-9.26024165891174e+000,-5.20360564207888e+000

1.14563209078779e+006,-9.26016864367772e+000,-5.27574778101392e+000

1.16162451880595e+006,-9.26009134415877e+000,-5.34888667950625e+000

1.17784019279982e+006,-9.26000957977674e+000,-5.42303626283354e+000

1.19428222916709e+006,-9.25992316450907e+000,-5.49821066360358e+000

1.21095378780874e+006,-9.25983190680274e+000,-5.57442422516487e+000

1.22785807273632e+006,-9.25973560948914e+000,-5.65169150505728e+000

1.24499833268771e+006,-9.25963406969900e+000,-5.73002727850852e+000

1.26237786175148e+006,-9.25952707877751e+000,-5.80944654197257e+000

1.27999999999998e+006,-9.25941442219970e+000,-5.88996451671031e+000

1.29786813413122e+006,-9.25929587948581e+000,-5.97159665241224e+000

1.31598569811974e+006,-9.25917122411609e+000,-6.05435863086409e+000

1.33435617387661e+006,-9.25904022344577e+000,-6.13826636965200e+000

1.35298309191855e+006,-9.25890263861884e+000,-6.22333602591103e+000

1.37187003204643e+006,-9.25875822448143e+000,-6.30958400011409e+000

1.39102062403333e+006,-9.25860672949406e+000,-6.39702693990224e+000

1.41043854832204e+006,-9.25844789564256e+000,-6.48568174395642e+000

1.43012753673242e+006,-9.25828145834713e+000,-6.57556556591151e+000

1.45009137317860e+006,-9.25810714637039e+000,-6.66669581831140e+000

1.47033389439618e+006,-9.25792468172225e+000,-6.75909017660712e+000

1.49085899067960e+006,-9.25773377956319e+000,-6.85276658319779e+000

1.51167060662977e+006,-9.25753414810441e+000,-6.94774325151495e+000

1.53277274191220e+006,-9.25732548850490e+000,-7.04403867015197e+000

1.55416945202563e+006,-9.25710749476526e+000,-7.14167160703892e+000

1.57586484908147e+006,-9.25687985361764e+000,-7.24066111366324e+000

1.59786310259404e+006,-9.25664224441165e+000,-7.34102652933999e+000

1.62016844028193e+006,-9.25639433899570e+000,-7.44278748553009e+000

1.64278514888049e+006,-9.25613580159378e+000,-7.54596391021038e+000

1.66571757496565e+006,-9.25586628867668e+000,-7.65057603229697e+000

1.68897012578928e+006,-9.25558544882804e+000,-7.75664438612254e+000

1.71254727012620e+006,-9.25529292260408e+000,-7.86418981597223e+000

1.73645353913299e+006,-9.25498834238769e+000,-7.97323348067681e+000

1.76069352721884e+006,-9.25467133223511e+000,-8.08379685827030e+000

1.78527189292849e+006,-9.25434150771638e+000,-8.19590175071011e+000

1.81019335983753e+006,-9.25399847574780e+000,-8.30957028866644e+000

1.83546271746023e+006,-9.25364183441731e+000,-8.42482493638063e+000

1.86108482216997e+006,-9.25327117280143e+000,-8.54168849659870e+000

1.88706459813258e+006,-9.25288607077420e+000,-8.66018411558085e+000

1.91340703825269e+006,-9.25248609880729e+000,-8.78033528819235e+000

1.94011720513328e+006,-9.25207081776122e+000,-8.90216586307874e+000

1.96720023204862e+006,-9.25163977866745e+000,-9.02570004792848e+000

1.99466132393085e+006,-9.25119252250087e+000,-9.15096241482912e+000

2.02250575837021e+006,-9.25072857994277e+000,-9.27797790571775e+000

2.05073888662940e+006,-9.25024747113345e+000,-9.40677183793418e+000

2.07936613467193e+006,-9.24974870541501e+000,-9.53736990987817e+000

2.10839300420495e+006,-9.24923178106349e+000,-9.66979820677509e+000

2.13782507373659e+006,-9.24869618501038e+000,-9.80408320655794e+000

2.16766799964803e+006,-9.24814139255355e+000,-9.94025178586658e+000

2.19792751728061e+006,-9.24756686705681e+000,-1.00783312261714e+001

2.22860944203804e+006,-9.24697205963901e+000,-1.02183492200258e+001

2.25971967050404e+006,-9.24635640885113e+000,-1.03603338774529e+001

2.29126418157557e+006,-9.24571934034270e+000,-1.05043137324713e+001

2.32324903761189e+006,-9.24506026651641e+000,-1.06503177497647e+001

2.35568038559964e+006,-9.24437858617131e+000,-1.07983753315026e+001

2.38856445833418e+006,-9.24367368413439e+000,-1.09485163243160e+001

2.42190757561748e+006,-9.24294493088079e+000,-1.11007710264334e+001

2.45571614547263e+006,-9.24219168214192e+000,-1.12551701949857e+001

2.48999666537541e+006,-9.24141327850240e+000,-1.14117450534807e+001

2.52475572350295e+006,-9.24060904498497e+000,-1.15705272994598e+001

2.55999999999995e+006,-9.23977829062405e+000,-1.17315491123358e+001

2.59573626826243e+006,-9.23892030802751e+000,-1.18948431614242e+001

2.63197139623948e+006,-9.23803437292708e+000,-1.20604426141696e+001

2.66871234775322e+006,-9.23711974371709e+000,-1.22283811445772e+001

2.70596618383708e+006,-9.23617566098188e+000,-1.23986929418523e+001

2.74374006409286e+006,-9.23520134701220e+000,-1.25714127192571e+001

2.78204124806666e+006,-9.23419600530984e+000,-1.27465757231913e+001

2.82087709664407e+006,-9.23315882008170e+000,-1.29242177425014e+001

2.86025507346483e+006,-9.23208895572282e+000,-1.31043751180280e+001

2.90018274635719e+006,-9.23098555628846e+000,-1.32870847523967e+001

2.94066778879236e+006,-9.22984774495596e+000,-1.34723841200609e+001

2.98171798135919e+006,-9.22867462347585e+000,-1.36603112776031e+001

3.02334121325954e+006,-9.22746527161289e+000,-1.38509048743038e+001

3.06554548382440e+006,-9.22621874657745e+000,-1.40442041629831e+001

3.10833890405126e+006,-9.22493408244676e+000,-1.42402490111268e+001

3.15172969816293e+006,-9.22361028957705e+000,-1.44390799123021e+001

3.19572620518807e+006,-9.22224635400635e+000,-1.46407379978727e+001

3.24033688056386e+006,-9.22084123684873e+000,-1.48452650490231e+001

3.28557029776097e+006,-9.21939387367977e+000,-1.50527035090969e+001

3.33143514993129e+006,-9.21790317391411e+000,-1.52630964962653e+001

3.37794025157855e+006,-9.21636802017545e+000,-1.54764878165273e+001

3.42509454025238e+006,-9.21478726765886e+000,-1.56929219770585e+001

3.47290707826598e+006,-9.21315974348674e+000,-1.59124441999130e+001

3.52138705443768e+006,-9.21148424605826e+000,-1.61351004360919e+001

3.57054378585697e+006,-9.20975954439302e+000,-1.63609373799892e+001

3.62038671967506e+006,-9.20798437746963e+000,-1.65900024842235e+001

3.67092543492045e+006,-9.20615745355990e+000,-1.68223439748696e+001

3.72216964433992e+006,-9.20427744955881e+000,-1.70580108671002e+001

3.77412919626515e+006,-9.20234301031185e+000,-1.72970529812499e+001

3.82681407650537e+006,-9.20035274793957e+000,-1.75395209593151e+001

3.88023441026655e+006,-9.19830524116110e+000,-1.77854662819004e+001

3.93440046409724e+006,-9.19619903461681e+000,-1.80349412856269e+001

3.98932264786168e+006,-9.19403263819178e+000,-1.82879991810149e+001

4.04501151674041e+006,-9.19180452634044e+000,-1.85446940708549e+001

4.10147777325879e+006,-9.18951313741425e+000,-1.88050809690826e+001

4.15873226934385e+006,-9.18715687299311e+000,-1.90692158201707e+001

4.21678600840989e+006,-9.18473409722225e+000,-1.93371555190556e+001

4.27565014747317e+006,-9.18224313615572e+000,-1.96089579316115e+001

4.33533599929606e+006,-9.17968227710834e+000,-1.98846819156920e+001

4.39585503456121e+006,-9.17704976801740e+000,-2.01643873427518e+001

4.45721888407607e+006,-9.17434381681641e+000,-2.04481351200696e+001

4.51943934100807e+006,-9.17156259082246e+000,-2.07359872135866e+001

4.58252836315113e+006,-9.16870421613928e+000,-2.10280066713811e+001

4.64649807522377e+006,-9.16576677707843e+000,-2.13242576477956e+001

4.71136077119927e+006,-9.16274831560093e+000,-2.16248054282391e+001

4.77712891666836e+006,-9.15964683078178e+000,-2.19297164546782e+001

4.84381515123496e+006,-9.15646027830030e+000,-2.22390583518435e+001

4.91143229094526e+006,-9.15318656995905e+000,-2.25528999541669e+001

4.97999333075080e+006,-9.14982357323469e+000,-2.28713113334733e+001

5.04951144700590e+006,-9.14636911086403e+000,-2.31943638274460e+001

5.11999999999990e+006,-9.14282096046883e+000,-2.35221300688897e+001

5.19147253652485e+006,-9.13917685422336e+000,-2.38546840158108e+001

5.26394279247896e+006,-9.13543447856868e+000,-2.41921009823389e+001

5.33742469550644e+006,-9.13159147397838e+000,-2.45344576705115e+001

5.41193236767416e+006,-9.12764543477994e+000,-2.48818322029446e+001

5.48748012818571e+006,-9.12359390903717e+000,-2.52343041564138e+001

5.56408249613331e+006,-9.11943439849922e+000,-2.55919545963666e+001

5.64175419328813e+006,-9.11516435862113e+000,-2.59548661123915e+001

5.72051014692965e+006,-9.11078119866283e+000,-2.63231228546673e+001

5.80036549271437e+006,-9.10628228187277e+000,-2.66968105714143e+001

5.88133557758470e+006,-9.10166492576287e+000,-2.70760166473728e+001

5.96343596271837e+006,-9.09692640248248e+000,-2.74608301433306e+001

6.04668242651907e+006,-9.09206393929892e+000,-2.78513418367228e+001

6.13109096764879e+006,-9.08707471919308e+000,-2.82476442633273e+001

6.21667780810251e+006,-9.08195588157875e+000,-2.86498317600756e+001

6.30345939632584e+006,-9.07670452315526e+000,-2.90580005090022e+001

6.39145241037612e+006,-9.07131769890307e+000,-2.94722485823529e+001

6.48067376112770e+006,-9.06579242323324e+000,-2.98926759888681e+001

6.57114059552193e+006,-9.06012567130179e+000,-3.03193847212641e+001

6.66287029986256e+006,-9.05431438050063e+000,-3.07524788049251e+001

6.75588050315708e+006,-9.04835545213811e+000,-3.11920643478221e+001

6.85018908050475e+006,-9.04224575332189e+000,-3.16382495916717e+001

6.94581415653194e+006,-9.03598211905884e+000,-3.20911449643463e+001

7.04277410887534e+006,-9.02956135458627e+000,-3.25508631335410e+001

7.14108757171393e+006,-9.02298023795078e+000,-3.30175190617062e+001

7.24077343935009e+006,-9.01623552285067e+000,-3.34912300622445e+001

7.34185086984088e+006,-9.00932394176018e+000,-3.39721158569723e+001

7.44433928867983e+006,-9.00224220935341e+000,-3.44602986348386e+001

7.54825839253028e+006,-8.99498702624769e+000,-3.49559031118908e+001

7.65362815301072e+006,-8.98755508308705e+000,-3.54590565924716e+001

7.76046882053307e+006,-8.97994306498669e+000,-3.59698890316257e+001

7.86880092819446e+006,-8.97214765636205e+000,-3.64885330986852e+001

7.97864529572335e+006,-8.96416554616541e+000,-3.70151242420034e+001

8.09002303348081e+006,-8.95599343355535e+000,-3.75498007547867e+001

8.20295554651756e+006,-8.94762803402529e+000,-3.80927038419791e+001

8.31746453868768e+006,-8.93906608601801e+000,-3.86439776881307e+001

8.43357201681977e+006,-8.93030435805527e+000,-3.92037695261832e+001

8.55130029494632e+006,-8.92133965641187e+000,-3.97722297070830e+001

8.67067199859209e+006,-8.91216883336533e+000,-4.03495117701271e+001

8.79171006912241e+006,-8.90278879605359e+000,-4.09357725139300e+001

8.91443776815212e+006,-8.89319651597417e+000,-4.15311720678820e+001

9.03887868201611e+006,-8.88338903915957e+000,-4.21358739639575e+001

9.16505672630224e+006,-8.87336349706473e+000,-4.27500452087094e+001

9.29299615044753e+006,-8.86311711820385e+000,-4.33738563552663e+001

9.42272154239852e+006,-8.85264724057453e+000,-4.40074815751283e+001

9.55425783333670e+006,-8.84195132490840e+000,-4.46510987295338e+001

9.68763030246989e+006,-8.83102696878844e+000,-4.53048894401409e+001

9.82286458189050e+006,-8.81987192167363e+000,-4.59690391587442e+001

9.95998666150159e+006,-8.80848410087234e+000,-4.66437372357114e+001

1.00990228940118e+007,-8.79686160850622e+000,-4.73291769867987e+001

1.02399999999998e+007,-8.78500274950728e+000,-4.80255557579620e+001

1.03829450730497e+007,-8.77290605068904e+000,-4.87330749877494e+001

1.05278855849579e+007,-8.76057028093413e+000,-4.94519402668139e+001

1.06748493910128e+007,-8.74799447253938e+000,-5.01823613940508e+001

1.08238647353483e+007,-8.73517794375756e+000,-5.09245524288075e+001

1.09749602563714e+007,-8.72212032257432e+000,-5.16787317385736e+001

1.11281649922666e+007,-8.70882157175672e+000,-5.24451220415017e+001

1.12835083865762e+007,-8.69528201520587e+000,-5.32239504430576e+001

1.14410202938593e+007,-8.68150236564456e+000,-5.40154484660347e+001

1.16007309854287e+007,-8.66748375366465e+000,-5.48198520731148e+001

1.17626711551694e+007,-8.65322775815578e+000,-5.56374016810844e+001

1.19268719254367e+007,-8.63873643812915e+000,-5.64683421657539e+001

1.20933648530381e+007,-8.62401236594449e+000,-5.73129228565563e+001

1.22621819352976e+007,-8.60905866193878e+000,-5.81713975197272e+001

1.24333556162050e+007,-8.59387903044654e+000,-5.90440243288980e+001

1.26069187926517e+007,-8.57847779718957e+000,-5.99310658218543e+001

1.27829048207522e+007,-8.56285994800185e+000,-6.08327888421394e+001

1.29613475222554e+007,-8.54703116884051e+000,-6.17494644641008e+001

1.31422811910438e+007,-8.53099788701684e+000,-6.26813678999037e+001

1.33257405997251e+007,-8.51476731356400e+000,-6.36287783869657e+001

1.35117610063141e+007,-8.49834748663555e+000,-6.45919790541829e+001

1.37003781610095e+007,-8.48174731580753e+000,-6.55712567652651e+001

1.38916283130638e+007,-8.46497662712955e+000,-6.65669019374235e+001

1.40855482177507e+007,-8.44804620874286e+000,-6.75792083336102e+001

1.42821751434278e+007,-8.43096785685173e+000,-6.86084728264565e+001

1.44815468787002e+007,-8.41375442180017e+000,-6.96549951320366e+001

1.46837017396817e+007,-8.39641985396863e+000,-7.07190775115554e+001

1.48886785773596e+007,-8.37897924916578e+000,-7.18010244390719e+001

1.50965167850605e+007,-8.36144889314543e+000,-7.29011422333895e+001

1.53072563060214e+007,-8.34384630483392e+000,-7.40197386522941e+001

1.55209376410661e+007,-8.32619027780182e+000,-7.51571224474029e+001

1.57376018563889e+007,-8.30850091946385e+000,-7.63136028780014e+001

1.59572905914467e+007,-8.29079968743327e+000,-7.74894891823944e+001

1.61800460669616e+007,-8.27310942240254e+000,-7.86850900054995e+001

1.64059110930351e+007,-8.25545437686178e+000,-7.99007127816532e+001

1.66349290773753e+007,-8.23786023890708e+000,-8.11366630718994e+001

1.68671440336395e+007,-8.22035415033152e+000,-8.23932438553930e+001

1.71026005898926e+007,-8.20296471813101e+000,-8.36707547749700e+001

1.73413439971842e+007,-8.18572201850033e+000,-8.49694913374316e+001

1.75834201382448e+007,-8.16865759234037e+000,-8.62897440696589e+001

1.78288755363042e+007,-8.15180443124618e+000,-8.76317976323119e+001

1.80777573640322e+007,-8.13519695290333e+000,-8.89959298936019e+001

1.83301134526044e+007,-8.11887096478285e+000,-9.03824109664232e+001

1.85859923008950e+007,-8.10286361500121e+000,-9.17915022130259e+001

1.88454430847970e+007,-8.08721332919683e+000,-9.32234552223773e+001

1.91085156666734e+007,-8.07195973227898e+000,-9.46785107664068e+001

1.93752606049397e+007,-8.05714355392206e+000,-9.61568977424428e+001

1.96457291637810e+007,-8.04280651671985e+000,-9.76588321103280e+001

1.99199733230031e+007,-8.02899120597511e+000,-9.91845158339236e+001

2.01980457880235e+007,-8.01574092018833e+000,-1.00734135837968e+002

2.04799999999995e+007,-8.00309950142395e+000,-1.02307862992529e+002

2.07658901460993e+007,-7.99111114487730e+000,-1.03905851138535e+002

2.10557711699157e+007,-7.97982018714225e+000,-1.05528236169117e+002

2.13496987820257e+007,-7.96927087288741e+000,-1.07175135182606e+002

2.16477294706965e+007,-7.95950709989139e+000,-1.08846645724127e+002

2.19499205127428e+007,-7.95057214266284e+000,-1.10542845133595e+002

2.22563299845331e+007,-7.94250835517687e+000,-1.12263790018686e+002

2.25670167731524e+007,-7.93535685359672e+000,-1.14009515871854e+002

2.28820405877185e+007,-7.92915718021144e+000,-1.15780036850714e+002

2.32014619708574e+007,-7.92394695020637e+000,-1.17575345741097e+002

2.35253423103387e+007,-7.91976148328244e+000,-1.19395414121679e+002

2.38537438508734e+007,-7.91663342255148e+000,-1.21240192748379e+002

2.41867297060762e+007,-7.91459234354596e+000,-1.23109612175590e+002

2.45243638705951e+007,-7.91366435658601e+000,-1.25003583629772e+002

2.48667112324099e+007,-7.91387170613100e+000,-1.26922000149052e+002

2.52138375853033e+007,-7.91523237110468e+000,-1.28864738000073e+002

2.55658096415044e+007,-7.91775967050060e+000,-1.30831658380696e+002

2.59226950445107e+007,-7.92146187884851e+000,-1.32822609414026e+002

2.62845623820876e+007,-7.92634185633589e+000,-1.34837428435910e+002

2.66514811994501e+007,-7.93239669852650e+000,-1.36875944574373e+002

2.70235220126282e+007,-7.93961741069203e+000,-1.38937981615715e+002

2.74007563220189e+007,-7.94798861176835e+000,-1.41023361148023e+002

2.77832566261276e+007,-7.95748827286047e+000,-1.43131905968985e+002

2.81710964355012e+007,-7.96808749505498e+000,-1.45263443741012e+002

2.85643502868556e+007,-7.97975033104886e+000,-1.47417810873027e+002

2.89630937574003e+007,-7.99243365478425e+000,-1.49594856604870e+002

2.93674034793634e+007,-8.00608708289338e+000,-1.51794447267199e+002

2.97773571547192e+007,-8.02065295131548e+000,-1.54016470687137e+002

3.01930335701210e+007,-8.03606634996749e+000,-1.56260840707716e+002

3.06145126120428e+007,-8.05225521784149e+000,-1.58527501787545e+002

3.10418752821322e+007,-8.06914050038446e+000,-1.60816433645965e+002

3.14752037127777e+007,-8.08663637050551e+000,-1.63127655918359e+002

3.19145811828933e+007,-8.10465051406832e+000,-1.65461232786172e+002

3.23600921339231e+007,-8.12308448028100e+000,-1.67817277546485e+002

3.28118221860701e+007,-8.14183409700128e+000,-1.70195957086695e+002

3.32698581547506e+007,-8.16078995065064e+000,-1.72597496230744e+002

3.37342880672789e+007,-8.17983793017699e+000,-1.75022181924432e+002

3.42052011797851e+007,-8.19885983433755e+000,-1.77470367228385e+002

3.46826879943682e+007,-8.21773404148284e+000,-1.79942475088163e+002

3.51668402764895e+007,-8.23633624101231e+000,1.77560998148416e+002

3.56577510726083e+007,-8.25454022573252e+000,1.75039479496536e+002

3.61555147280643e+007,-8.27221874446544e+000,1.72492316412559e+002

3.66602269052088e+007,-8.28924441440707e+000,1.69918774216744e+002

3.71719846017899e+007,-8.30549069290607e+000,1.67318033894423e+002

3.76908861695939e+007,-8.32083290847907e+000,1.64689190312847e+002

3.82170313333466e+007,-8.33514935097420e+000,1.62031250895486e+002

3.87505212098794e+007,-8.34832242078826e+000,1.59343134801320e+002

3.92914583275618e+007,-8.36023983688493e+000,1.56623672663803e+002

3.98399466460062e+007,-8.37079590299711e+000,1.53871606952613e+002

4.03960915760469e+007,-8.37989283075131e+000,1.51085593030959e+002

4.09599999999989e+007,-8.38744211746093e+000,1.48264200992020e+002

4.15317802921985e+007,-8.39336597490992e+000,1.45405918369738e+002

4.21115423398314e+007,-8.39759880350593e+000,1.42509153831281e+002

4.26993975640512e+007,-8.40008870362745e+000,1.39572241970592e+002

4.32954589413930e+007,-8.40079901273575e+000,1.36593449333745e+002

4.38998410254854e+007,-8.39970985277678e+000,1.33570981816369e+002

4.45126599690662e+007,-8.39681966749323e+000,1.30502993580060e+002

4.51340335463048e+007,-8.39214672344719e+000,1.27387597636831e+002

4.57640811754369e+007,-8.38573054181109e+000,1.24222878246494e+002

4.64029239417147e+007,-8.37763322036142e+000,1.21006905259210e+002

4.70506846206773e+007,-8.36794059673370e+000,1.17737750511808e+002

4.77074877017467e+007,-8.35676319509194e+000,1.14413506349156e+002

4.83734594121523e+007,-8.34423688930350e+000,1.11032306288092e+002

4.90487277411900e+007,-8.33052320700499e+000,1.07592347768395e+002

4.97334224648198e+007,-8.31580919131844e+000,1.04091916840887e+002

5.04276751706064e+007,-8.30030673132965e+000,1.00529414525442e+002

5.11316192830087e+007,-8.28425126988560e+000,9.69033844314723e+001

5.18453900890213e+007,-8.26789979907125e+000,9.32125410722613e+001

5.25691247641751e+007,-8.25152806126185e+000,8.94557981268984e+001

5.33029623989002e+007,-8.23542688826968e+000,8.56322957172358e+001

5.40470440252563e+007,-8.21989763400206e+000,8.17414255837400e+001

5.48015126440377e+007,-8.20524668802155e+000,7.77828528784228e+001

5.55665132522551e+007,-8.19177909864188e+000,7.37565331637681e+001

5.63421928710024e+007,-8.17979138400809e+000,6.96627231345077e+001

5.71287005737111e+007,-8.16956366624711e+000,6.55019835855524e+001

5.79261875148004e+007,-8.16135132424570e+000,6.12751732536192e+001

5.87348069587267e+007,-8.15537642077023e+000,5.69834323761867e+001

5.95547143094383e+007,-8.15181921433507e+000,5.26281551450534e+001

6.03860671402418e+007,-8.15081010978813e+000,4.82109506772595e+001

6.12290252240854e+007,-8.15242242841781e+000,4.37335926646442e+001

6.20837505642642e+007,-8.15666638379143e+000,3.91979584627044e+001

6.29504074255552e+007,-8.16348463046176e+000,3.46059589963661e+001

6.38291623657864e+007,-8.17274970841818e+000,2.99594614445251e+001

6.47201842678461e+007,-8.18426363871980e+000,2.52602071657771e+001

6.56236443721400e+007,-8.19775983981580e+000,2.05097276999822e+001

6.65397163095010e+007,-8.21290743653879e+000,1.57092618926169e+001

6.74685761345577e+007,-8.22931793285295e+000,1.08596772278490e+001

6.84104023595701e+007,-8.24655412351710e+000,5.96139832898386e+000

6.93653759887363e+007,-8.26414103617429e+000,1.01434531793586e+000

7.03336805529788e+007,-8.28157862914428e+000,-3.98211563943549e+000

7.13155021452165e+007,-8.29835592363881e+000,-9.02920768732221e+000

7.23110294561284e+007,-8.31396622132254e+000,-1.41287630263738e+001

7.33204538104174e+007,-8.32792304518207e+000,-1.92832259050406e+001

7.43439692035797e+007,-8.33977643717583e+000,-2.44956379891990e+001

7.53817723391876e+007,-8.34912924216850e+000,-2.97696054346900e+001

7.64340626666931e+007,-8.35565299572047e+000,-3.51092471008373e+001

7.75010424197586e+007,-8.35910300552013e+000,-4.05191234144352e+001

7.85829166551234e+007,-8.35933216658847e+000,-4.60041454828854e+001

7.96798932920122e+007,-8.35630297599130e+000,-5.15694642438810e+001

8.07921831520937e+007,-8.35009711550108e+000,-5.72203398266997e+001

8.19199999999977e+007,-8.34092185859242e+000,-6.29619919958559e+001

8.30635605843968e+007,-8.32911244741468e+000,-6.87994336567548e+001

8.42230846796626e+007,-8.31512950125888e+000,-7.47372910053329e+001

8.53987951281022e+007,-8.29955049523619e+000,-8.07796160248357e+001

8.65909178827858e+007,-8.28305442873448e+000,-8.69296996059884e+001

8.77996820509706e+007,-8.26639903263078e+000,-9.31898963928260e+001

8.90253199381321e+007,-8.25039028063359e+000,-9.95614751737911e+001

9.02680670926093e+007,-8.23584459226774e+000,-1.06044510718468e+002

9.15281623508736e+007,-8.22354492658330e+000,-1.12637833754022e+002

9.28058478834291e+007,-8.21419290165774e+000,-1.19339054616107e+002

9.41013692413544e+007,-8.20836001622660e+000,-1.26144672484511e+002

9.54149754034931e+007,-8.20644183230853e+000,-1.33050275868291e+002

9.67469188243043e+007,-8.20861942055122e+000,-1.40050831511911e+002

9.80974554823798e+007,-8.21483231929505e+000,-1.47141049120452e+002

9.94668449296393e+007,-8.22476663595436e+000,-1.54315799697995e+002

1.00855350341213e+008,-8.23786075924621e+000,-1.61570557492348e+002

1.02263238566017e+008,-8.25332960547575e+000,-1.68901830941777e+002

1.03690780178042e+008,-8.27020663084770e+000,-1.76307547394553e+002

1.05138249528350e+008,-8.28740126841387e+000,1.76212640366236e+002

1.06605924797800e+008,-8.30376820859112e+000,1.68657151510591e+002

1.08094088050512e+008,-8.31818414724986e+000,1.61022396349307e+002

1.09603025288075e+008,-8.32962725987531e+000,1.53302827256631e+002

1.11133026504510e+008,-8.33725460128363e+000,1.45491124254304e+002

1.12684385742004e+008,-8.34047269774841e+000,1.37578512474961e+002

1.14257401147422e+008,-8.33899662131109e+000,1.29555203862177e+002

1.15852375029601e+008,-8.33289271968385e+000,1.21410950304050e+002

1.17469613917453e+008,-8.32259995660985e+000,1.13135688404387e+002

1.19109428618876e+008,-8.30892470199175e+000,1.04720245841511e+002

1.20772134280483e+008,-8.29300417511468e+000,9.61570650823314e+001

1.22458050448171e+008,-8.27623508518752e+000,8.74408829737446e+001

1.24167501128528e+008,-8.26016681849997e+000,7.85692875208802e+001

1.25900814851110e+008,-8.24636304606445e+000,6.95430615456159e+001

1.27658324731572e+008,-8.23624161676069e+000,6.03662241647643e+001

1.29440368535692e+008,-8.23090908101635e+000,5.10457019294733e+001

1.31247288744280e+008,-8.23101147714395e+000,4.15906049991845e+001

1.33079432619002e+008,-8.23662512715857e+000,3.20111457911319e+001

1.34937152269115e+008,-8.24720861531570e+000,2.23173059375564e+001

1.36820804719140e+008,-8.26162961676735e+000,1.25174146068488e+001

1.38730751977472e+008,-8.27826920695852e+000,2.61683093508242e+000

1.40667361105957e+008,-8.29519435842499e+000,-7.38308275828017e+000

1.42631004290433e+008,-8.31037933782441e+000,-1.74855486657272e+001

1.44622058912256e+008,-8.32195047383707e+000,-2.76984315298776e+001

1.46640907620835e+008,-8.32842648743476e+000,-3.80337379889370e+001

1.48687938407159e+008,-8.32892710948393e+000,-4.85065828239986e+001

1.50763544678375e+008,-8.32332446518363e+000,-5.91336939075500e+001

1.52868125333386e+008,-8.31231375734665e+000,-6.99315723361524e+001

1.55002084839517e+008,-8.29738269137353e+000,-8.09144773078664e+001

1.57165833310246e+008,-8.28066505883203e+000,-9.20924712618189e+001

1.59359786584024e+008,-8.26467601261002e+000,-1.03469829759516e+002

1.61584366304187e+008,-8.25194692828734e+000,-1.15044163171818e+002

1.63839999999995e+008,-8.24460490947848e+000,-1.26806569485176e+002

1.66127121168793e+008,-8.24396902837258e+000,-1.38743000921369e+002

1.68446169359325e+008,-8.25025075682255e+000,-1.50836779291407e+002

1.70797590256204e+008,-8.26243862587934e+000,-1.63071892615753e+002

1.73181835765571e+008,-8.27841356319612e+000,-1.75436453099245e+002

1.75599364101941e+008,-8.29529017694636e+000,1.72074403790225e+002

1.78050639876264e+008,-8.30992763898696e+000,1.59456807801092e+002

1.80536134185218e+008,-8.31951786934088e+000,1.46698019529606e+002

1.83056324701747e+008,-8.32214486700158e+000,1.33777969065472e+002

1.85611695766858e+008,-8.31721306088952e+000,1.20672291959212e+002

1.88202738482708e+008,-8.30565642125879e+000,1.07356456610497e+002

1.90829950806986e+008,-8.28986074642886e+000,9.38103602235593e+001

1.93493837648608e+008,-8.27326531580392e+000,8.00225463345303e+001

1.96194910964759e+008,-8.25966821703785e+000,6.59930180198601e+001

1.98933689859278e+008,-8.25234511762731e+000,5.17336377077719e+001

2.01710700682425e+008,-8.25318351923721e+000,3.72654981390883e+001

2.04526477132034e+008,-8.26208713732631e+000,2.26134673710968e+001

2.07381560356084e+008,-8.27686966295055e+000,7.79911958974390e+000

2.10276499056700e+008,-8.29372448648391e+000,-7.16600193511541e+000

2.13211849595600e+008,-8.30817653771174e+000,-2.22847805671057e+001

2.16188176101024e+008,-8.31627276993650e+000,-3.75752092697988e+001

2.19206050576150e+008,-8.31570047344135e+000,-5.30669963941046e+001

2.22266053009019e+008,-8.30653564809173e+000,-6.87947249790754e+001

2.25368771484008e+008,-8.29138831100694e+000,-8.47890250032981e+001

2.28514802294843e+008,-8.27481777181709e+000,-1.01067916859904e+002

2.31704750059200e+008,-8.26206031624769e+000,-1.17630984108489e+002

2.34939227834906e+008,-8.25735516698634e+000,-1.34458921442237e+002

2.38218857237752e+008,-8.26240240865261e+000,-1.51519715214086e+002

2.41544268560966e+008,-8.27557674820045e+000,-1.68780218994869e+002

2.44916100896340e+008,-8.29231382006151e+000,1.73780757509906e+002

2.48335002257056e+008,-8.30662747017522e+000,1.56162886182638e+002

2.51801629702220e+008,-8.31324731004046e+000,1.38342184574509e+002

2.55316649463144e+008,-8.30961966105510e+000,1.20277487261202e+002

2.58880737071383e+008,-8.29704316403089e+000,1.01923776076826e+002

2.62494577488559e+008,-8.28043529909540e+000,8.32482444774047e+001

2.66158865238003e+008,-8.26661065178067e+000,6.42433125493098e+001

2.69874304538230e+008,-8.26151811762557e+000,4.49305042465510e+001

2.73641609438279e+008,-8.26751236020970e+000,2.53515785775588e+001

2.77461503954944e+008,-8.28201476494501e+000,5.54904787585363e+000

2.81334722211914e+008,-8.29843335838081e+000,-1.44554631952723e+001

2.85262008580865e+008,-8.30908732113359e+000,-3.46742973161947e+001

2.89244117824512e+008,-8.30882981025567e+000,-5.51513286788020e+001

2.93281815241668e+008,-8.29769028270382e+000,-7.59442364519938e+001

2.97375876814318e+008,-8.28120395121244e+000,-9.70985285039907e+001

3.01527089356749e+008,-8.26795832459790e+000,-1.18624985963394e+002

3.05736250666771e+008,-8.26517654047102e+000,-1.40493140606296e+002

3.10004169679033e+008,-8.27453062827928e+000,-1.62647588286094e+002

3.14331666620492e+008,-8.29080108895122e+000,1.74959092332071e+002

3.18719573168047e+008,-8.30458070441225e+000,1.52335446011434e+002

3.23168732608373e+008,-8.30767930468004e+000,1.29441637592893e+002

3.27679999999989e+008,-8.29813193960074e+000,1.06208434323729e+002

3.32254242337586e+008,-8.28179708300255e+000,8.25755246931523e+001

3.36892338718649e+008,-8.26917073406533e+000,5.85280200610110e+001

3.41595180512407e+008,-8.26873016457934e+000,3.41069807693190e+001

3.46363671531142e+008,-8.28090027253097e+000,9.38190031408939e+000

3.51198728203881e+008,-8.29724831954230e+000,-1.56002744427844e+001

3.56101279752527e+008,-8.30611833753277e+000,-4.08535794937297e+001

3.61072268370436e+008,-8.30098720918273e+000,-6.64491806187341e+001

3.66112649403493e+008,-8.28559729268261e+000,-9.24691541538964e+001

3.71223391533715e+008,-8.27176947494920e+000,-1.18947989629484e+002

3.76405476965416e+008,-8.27057168489108e+000,-1.45845466620138e+002

3.81659901613971e+008,-8.28309974724653e+000,-1.73078727801313e+002

3.86987675297216e+008,-8.29893694144431e+000,1.59405604469850e+002

3.92389821929517e+008,-8.30455850789065e+000,1.31579471167310e+002

3.97867379718556e+008,-8.29499380121382e+000,1.03349409337392e+002

4.03421401364849e+008,-8.27873880425087e+000,7.46315379608122e+001

4.09052954264066e+008,-8.27082323044242e+000,4.54246055867975e+001

4.14763120712167e+008,-8.27887824212543e+000,1.58118329400440e+001

4.20552998113398e+008,-8.29512713918613e+000,-1.41213411561042e+001

4.26423699191198e+008,-8.30340601136554e+000,-4.43787629712024e+001

4.32376352202047e+008,-8.29525307357536e+000,-7.50596141911854e+001

4.38412101152298e+008,-8.27910657202554e+000,-1.06266297362297e+002

4.44532106018038e+008,-8.27232098377218e+000,-1.38001130074183e+002

4.50737542968016e+008,-8.28248197304446e+000,-1.70163651439430e+002

4.57029604589685e+008,-8.29814487017562e+000,1.57333781872781e+002

4.63409500118400e+008,-8.30122035835933e+000,1.24456232239448e+002

4.69878455669810e+008,-8.28803664088523e+000,9.10744977588404e+001

4.76437714475503e+008,-8.27454496644067e+000,5.71086174920431e+001

4.83088537121932e+008,-8.27762609552398e+000,2.26227787674438e+001

4.89832201792680e+008,-8.29339335842383e+000,-1.22569325366505e+001

4.96670004514110e+008,-8.30124863208084e+000,-4.75141088560166e+001

5.03603259404439e+008,-8.29069552785069e+000,-8.32777421123615e+001

5.10633298926288e+008,-8.27615101658104e+000,-1.19662443394288e+002

5.17761474142765e+008,-8.27810352374045e+000,-1.56616177702436e+002

5.24989154977117e+008,-8.29376971447207e+000,1.66003878820374e+002

5.32317730476004e+008,-8.30007567515660e+000,1.28213688642080e+002

5.39748609076458e+008,-8.28754418021048e+000,8.98621329058521e+001

5.47283218876557e+008,-8.27549851558877e+000,5.08444573248470e+001

5.54923007909887e+008,-8.28303116941392e+000,1.12588824833897e+001

5.62669444423827e+008,-8.29792815341821e+000,-2.87547287477088e+001

5.70524017161728e+008,-8.29556416080676e+000,-6.92576923897865e+001

5.78488235649024e+008,-8.27996933467041e+000,-1.10430139080775e+002

5.86563630483336e+008,-8.27819047937063e+000,-1.52278600709040e+002

5.94751753628634e+008,-8.29336443502661e+000,1.65370210201418e+002

6.03054178713497e+008,-8.29795886878156e+000,1.22547726332994e+002

6.11472501333541e+008,-8.28353426776068e+000,7.90649225404129e+001

6.20008339358065e+008,-8.27746336445178e+000,3.48448170010871e+001

6.28663333240983e+008,-8.29148453765166e+000,-9.93944788244453e+000

6.37439146336093e+008,-8.29776634985991e+000,-5.52144470107940e+001

6.46337465216745e+008,-8.28369818887472e+000,-1.01175671989671e+002

6.55359999999977e+008,-8.27843050793719e+000,-1.47912623148076e+002

6.64508484675170e+008,-8.29302581846580e+000,1.64765698194462e+002

6.73784677437296e+008,-8.29592512003908e+000,1.16909855258443e+002

6.83190361024813e+008,-8.28087853071626e+000,6.82944481904934e+001

6.92727343062282e+008,-8.28179237891924e+000,1.88933088649089e+001

7.02397456407760e+008,-8.29642248340341e+000,-3.10749692951551e+001

7.12202559505052e+008,-8.29048966149565e+000,-8.16725287434840e+001

7.22144536740870e+008,-8.27835461384591e+000,-1.33125148660569e+002

7.32225298806984e+008,-8.28957435092115e+000,1.74697631985514e+002

7.42446783067428e+008,-8.29606150827384e+000,1.21944837012829e+002

7.52810953930830e+008,-8.28153298152147e+000,6.83830947291385e+001

7.63319803227940e+008,-8.28365279329515e+000,1.39612451472760e+001

7.73975350594429e+008,-8.29659929087669e+000,-4.10781208706632e+001

7.84779643859033e+008,-8.28566592407696e+000,-9.68677457612736e+001

7.95734759437109e+008,-8.28096041159409e+000,-1.53591220303583e+002

8.06842802729695e+008,-8.29536040766946e+000,1.48994154495081e+002

8.18105908528131e+008,-8.28796938702423e+000,9.08509323895990e+001

8.29526241424333e+008,-8.28036413563029e+000,3.17329611180847e+001

8.41105996226795e+008,-8.29463911659671e+000,-2.81334059815604e+001

8.52847398382395e+008,-8.28800318996765e+000,-8.87469866306765e+001

8.64752704404093e+008,-8.28080913663475e+000,-1.50372214756041e+002

8.76824202304595e+008,-8.29491232151448e+000,1.47231467542649e+002

8.89064212036074e+008,-8.28571221186421e+000,8.40305333029066e+001

9.01475085936030e+008,-8.28228481844794e+000,1.97835969750054e+001

9.14059209179369e+008,-8.29441536720799e+000,-4.52218143381695e+001

9.26819000236798e+008,-8.27824003452887e+000,-1.11141579823025e+002

9.39756911339618e+008,-8.27931194723462e+000,-1.78139030034256e+002

9.52875428951004e+008,-8.28847739097851e+000,1.14091332172907e+002

9.66177074243861e+008,-8.28007632732431e+000,4.53047469077819e+001

9.79664403585357e+008,-8.29236486040311e+000,-2.44391822105423e+001

9.93340009028218e+008,-8.28633287652177e+000,-9.50617245701924e+001

1.00000000000000e+009,-8.28120748853471e+000,-1.29524531346097e+002

